00252W104
00287P105
003687209
00439T206
004724100
000973107
00503U105
006847107
006848105
00759C100
31865X106
58446M101
008494106
008662108
009114109
217213933
01499S930
014752109
867071102
01747T102
018593103
019223106
019411107
019519008
019645506
02146C104
625440102
625440102
023006109
023395106
023395106
023426703
023586100
90341W108
024490302
89365P106
024928103
025198938
02553G101
026496208
026652107
02744R990
028816106
029050937
029318300
030222939
03060T107
03072J100
030789507
030789507
03113V109
03237E108
001813104
03304B300
03304B300
03304B300
G6359F103
035250109
001870104
381119106
03799X007
038196101
038213104
001937101
G04397108
90341G103
042384107
G05330108
04544X300
04648X107
045919107
04649A106
37990V204
046613105
04853E935
050727106
05164B106
05336P108
05356X700
05873K108
05873K108
069744100
055382931
074002205
077266104
086553104
086553104
087509105
088667100
088774948
089698104
091250100
093679108
055607105
098904204
099541203
100578103
104499207
104499207
105423404
105425102
106702103
116881202
119003101
119882934
120084108
120113105
121693105
123164105
761312107
12476P203
128787108
129915203
131380503
140909102
140777103
141602300
141649301
141706309
143436400
143763100
111572103
148710106
15115M101
125185108
158496109
16115Q308
16117M305
847807104
559079207
163893209
16444H102
165159104
168710101
170032809
17038P104
12542A206
172585101
172737108
17285E935
180461105
181475955
182728204
192481208
192481208
752907105
194830204
196267009
146219100
200334100
20452C104
206814105
209232107
21036U206
21099Y004
21099Y004
211496104
211914403
216245100
21676P103
218103109
218916104
22161G103
222814204
22542910
228439105
228622106
229070107
229241104
126419100
23380G106
234050102
234053106
235774106
235825205
239624208
240028308
233162502
241209105
243458106
247126105
247361702
249748100
255374100
255402406
344822101
260547005
20557T101
261528301
262175102
262497308
265903104
267575108
269153102
269514204
269524104
269803102
269803102
276191004
071625107
279862106
64399Y936
280875303
280875303
281067306
26874E107
283712107
291087203
29255U104
29270U303
92831R201
535763106
57685E200
295866107
297862104
299209106
300072105
302051206
302088109
302723101
303698104
305560302
306075102
30701A106
307669002
311549109
313549404
315646109
31779P108
317832103
317884203
G3529X106
338473002
339099103
339130106
339756108
34407T104
344123203
344123203
344155205
344912209
345206205
346377955
34659D104
349841304
83099X931
05349F402
302543103
358321206
358430106
358438109
359059102
359076106
G3682L105
30262210
422878934
36352K103
36352K103
368145108
36155Q109
370054207
37045V100
64015Y104
372257105
372282103
37245X203
37248E202
37246R932
373654102
375422102
378762934
G3921A175
G3930E101
37941P306
37936U104
G3930H104
64050T101
380804203
383413937
383485109
384632105
385379102
386534101
386532402
386532402
387241102
172936106
390064103
39899X935
399626100
36191C205
361942105
401794201
402548101
047620109
404429102
409900107
481165108
417119104
417434503
417434503
417434503
419879101
420029100
420781304
420781304
422200105
670198100
422660936
40636R20
422914101
422893107
42799Y938
428291108
429812100
429812100
430771105
431692102
933169104
433245107
436543100
44043U209
441759107
404269201
444356109
44562810
447015942
81169P101
449246206
868447103
45255G101
452842100
453096208
45321T202
45772G105
45776K102
457661106
45811E301
45812C106
360921100
45881K104
459004404
45950T101
460933104
46072H108
46205P993
44980Y305
46268K006
45031T872
035290105
030365100
45071T402
469834105
470737107
46611Q403
477066203
481138105
46624E405
46624E405
481386100
48213P106
29084Q100
483007704
48399Y004
48577P106
485808109
482434206
482455102
488035106
492716105
49427T100
494521305
498326206
812350106
129915203
500453204
505606103
50599Y933
517289948
51808R206
52109F100
521863308
521865204
521098202
52536P934
52536P934
526262100
B5628B104
527016109
527482103
530129204
535679104
536257108
536257108
538032400
53957M100
54021P403
014383103
540423100
541424933
542290408
543881106
501921100
501921100
552078107
559079207
559211305
55933J203
56075N937
478129109
566244109
56845X108
568695209
573913100
577904501
578349102
579865007
582266706
582266706
58227310
55270M108
58461Q409
584906101
584951107
586014102
586014102
58985C985
590436101
590479101
591324207
591596101
00374N107
552813107
594517104
594928103
598126100
598130102
598709301
603669102
605288208
553100108
607415106
60886R103
61499Y931
61499Y931
618447106
624581203
624581203
553166109
62473L309
553774936
62844K931
635570500
635812209
640820106
636317109
637844309
638588103
640071932
640071932
640094942
64122D506
641881107
649080504
64928U934
650341100
655053106
656568508
666610100
667280408
668367204
67019U101
62999T919
69367F108
12612L108
669935108
62944T105
674098207
67083Q101
677007205
69399Y109
682505102
68555P10
68556F100
686285503
686324100
686588104
690020102
690132931
690742101
690903100
691435101
694327107
695542100
696639103
697757102
698891108
69912K206
70322A101
70322B100
704312933
704378405
704378405
70556K106
98387T103
707832309
707832309
212072102
709620108
71366Q200
71654J108
716769203
717113203
719151102
693344103
72099Y916
72147K108
721506103
721506103
723643300
72702Q102
729136937
729136937
731095105
731745204
732827100
741016307
741917108
741571100
741929301
74342L105
74345R935
74437C101
746276104
747275105
556139939
25212W100
750495921
75409F100
749361200
749412102
755267937
755246204
756268108
756285102
757209507
758609002
24699Y945
686857103
760391102
398189100
398189100
761339100
761406107
447015942
74957T104
762430205
94767P209
779088103
G7702U102
786450932
794004200
794004200
795872100
80556710
811371707
812557205
816074405
817912108
817587108
G80550109
820013100
827056300
827056300
828709105
82967Y104
83001A102
831258100
78442T108
434149100
83169A100
832110100
83272A104
834376501
83546Q109
836151209
817826209
84649R200
84741Y103
847499100
84761M104
847607108
84763R101
84899X931
847607108
848457107
849416201
85254C305
853156206
854923109
85569E103
857689103
08170W932
85916E103
861572105
862111200
86677E100
866881105
867071102
86787D208
86688Q100
86815V105
87163L103
871839205
873452304
874833100
878415108
879908101
87959Y103
87971Q104
881451108
881694103
882445109
882649106
872424106
883435307
883436008
885184101
889039103
889073201
889073201
891539108
872962105
891697104
891707101
89299Y009
892149105
892349200
893349837
893349837
893349837
89376N108
893878108
894859107
896047107
896106200
896106200
896925203
897051306
89816T103
89816T103
898171103
898172937
872918107
899900104
901167106
87311M102
90334D109
90333L201
911920106
912325305
90331T107
910047109
902646108
903849107
909408932
909431100
910858109
35241Q107
903204100
911905503
911905503
903293405
903293405
917311805
91972C106
919902106
494580103
92399S914
923275101
92335X100
92336G106
925335937
925335937
925492100
92553H803
925529208
925817934
63845P101
92839U206
928559103
38388F108
93369N109
934390402
938862208
92923C104
92923J109
94769A101
94845V103
948462106
948774104
949702104
95099X935
955465109
958043408
960878106
961238102
410315105
410315105
963281100
963281100
29409K606
410315105
194831004
969455100
972218101
974280307
975515107
97652H109
92999Z938
98141A101
98199Y936
981902109
981579105
981907108
894688100
98416J118
98417K106
98413B100
987434107
988858106
989349105
98951U932