1,1
2,1
3,1
4,1
5,1
6,1
7,1
8,1
9,1
10,1
11,1
12,1
13,1
14,1
15,1
16,1
17,1
18,1
19,1
20,1
21,1
22,1
23,1
24,1
25,1
26,1
27,1
28,1
29,1
30,1
31,1
32,1
33,1
34,1
35,1
36,1
37,1
38,1
39,1
40,1
41,1
42,1
43,1
44,1
45,1
46,1
47,1
48,1
49,1
50,1
51,1
52,1
53,1
54,1
55,1
56,1
57,1
58,1
59,1
60,1
61,1
62,1
63,1
64,1
65,1
66,1
67,1
68,1
69,1
70,1
71,1
72,1
73,1
74,1
75,1
76,1
77,1
78,1
79,1
80,1
81,1
82,1
83,1
84,1
85,1
86,1
87,1
88,1
89,1
90,1
91,2
92,2
93,2
94,2
95,2
96,2
97,2
98,2
99,2
100,2
101,2
102,2
103,2
104,2
105,2
106,2
107,2
108,2
109,2
110,2
111,2
112,2
113,2
114,2
115,2
116,2
117,2
118,2
119,2
120,2
121,2
122,2
123,2
124,2
125,2
126,2
127,2
128,2
129,2
130,2
131,2
132,2
133,2
134,2
135,2
136,2
137,2
138,2
139,2
140,2
141,2
142,2
143,2
144,2
145,2
146,2
147,2
148,2
149,2
150,2
151,2
152,2
153,2
154,2
155,2
156,2
157,2
158,2
159,2
160,2
161,2
162,2
163,2
164,2
165,2
166,2
167,2
168,2
169,2
170,2
171,2
172,2
173,2
174,2
175,2
176,2
177,2
178,2
179,2
180,2
181,2
182,3
183,3
184,3
185,3
186,3
187,3
188,3
189,3
190,3
191,3
192,3
193,3
194,3
195,3
196,3
197,3
198,3
199,3
200,3
201,3
202,3
203,3
204,3
205,3
206,3
207,3
208,3
209,3
210,3
211,3
212,3
213,3
214,3
215,3
216,3
217,3
218,3
219,3
220,3
221,3
222,3
223,3
224,3
225,3
226,3
227,3
228,3
229,3
230,3
231,3
232,3
233,3
234,3
235,3
236,3
237,3
238,3
239,3
240,3
241,3
242,3
243,3
244,3
245,3
246,3
247,3
248,3
249,3
250,3
251,3
252,3
253,3
254,3
255,3
256,3
257,3
258,3
259,3
260,3
261,3
262,3
263,3
264,3
265,3
266,3
267,3
268,3
269,3
270,3
271,3
272,3
273,3
274,4
275,4
276,4
277,4
278,4
279,4
280,4
281,4
282,4
283,4
284,4
285,4
286,4
287,4
288,4
289,4
290,4
291,4
292,4
293,4
294,4
295,4
296,4
297,4
298,4
299,4
300,4
301,4
302,4
303,4
304,4
305,4
306,4
307,4
308,4
309,4
310,4
311,4
312,4
313,4
314,4
315,4
316,4
317,4
318,4
319,4
320,4
321,4
322,4
323,4
324,4
325,4
326,4
327,4
328,4
329,4
330,4
331,4
332,4
333,4
334,4
335,4
336,4
337,4
338,4
339,4
340,4
341,4
342,4
343,4
344,4
345,4
346,4
347,4
348,4
349,4
350,4
351,4
352,4
353,4
354,4
355,4
356,4
357,4
358,4
359,4
360,4
361,4
362,4
363,4
364,4
365,4
366,5
367,5
368,5
369,5
370,5
371,5
372,5
373,5
374,5
375,5
376,5
377,5
378,5
379,5
380,5
381,5
382,5
383,5
384,5
385,5
386,5
387,5
388,5
389,5
390,5
391,5
392,5
393,5
394,5
395,5
396,5
397,5
398,5
399,5
400,5
401,5
402,5
403,5
404,5
405,5
406,5
407,5
408,5
409,5
410,5
411,5
412,5
413,5
414,5
415,5
416,5
417,5
418,5
419,5
420,5
421,5
422,5
423,5
424,5
425,5
426,5
427,5
428,5
429,5
430,5
431,5
432,5
433,5
434,5
435,5
436,5
437,5
438,5
439,5
440,5
441,5
442,5
443,5
444,5
445,5
446,5
447,5
448,5
449,5
450,5
451,5
452,5
453,5
454,5
455,5
456,6
457,6
458,6
459,6
460,6
461,6
462,6
463,6
464,6
465,6
466,6
467,6
468,6
469,6
470,6
471,6
472,6
473,6
474,6
475,6
476,6
477,6
478,6
479,6
480,6
481,6
482,6
483,6
484,6
485,6
486,6
487,6
488,6
489,6
490,6
491,6
492,6
493,6
494,6
495,6
496,6
497,6
498,6
499,6
500,6
501,6
502,6
503,6
504,6
505,6
506,6
507,6
508,6
509,6
510,6
511,6
512,6
513,6
514,6
515,6
516,6
517,6
518,6
519,6
520,6
521,6
522,6
523,6
524,6
525,6
526,6
527,6
528,6
529,6
530,6
531,6
532,6
533,6
534,6
535,6
536,6
537,6
538,6
539,6
540,6
541,6
542,6
543,6
544,6
545,6
546,6
547,7
548,7
549,7
550,7
551,7
552,7
553,7
554,7
555,7
556,7
557,7
558,7
559,7
560,7
561,7
562,7
563,7
564,7
565,7
566,7
567,7
568,7
569,7
570,7
571,7
572,7
573,7
574,7
575,7
576,7
577,7
578,7
579,7
580,7
581,7
582,7
583,7
584,7
585,7
586,7
587,7
588,7
589,7
590,7
591,7
592,7
593,7
594,7
595,7
596,7
597,7
598,7
599,7
600,7
601,7
602,7
603,7
604,7
605,7
606,7
607,7
608,7
609,7
610,7
611,7
612,7
613,7
614,7
615,7
616,7
617,7
618,7
619,7
620,7
621,7
622,7
623,7
624,7
625,7
626,7
627,7
628,7
629,7
630,7
631,7
632,7
633,7
634,7
635,7
636,7
637,7
638,7
639,8
640,8
641,8
642,8
643,8
644,8
645,8
646,8
647,8
648,8
649,8
650,8
651,8
652,8
653,8
654,8
655,8
656,8
657,8
658,8
659,8
660,8
661,8
662,8
663,8
664,8
665,8
666,8
667,8
668,8
669,8
670,8
671,8
672,8
673,8
674,8
675,8
676,8
677,8
678,8
679,8
680,8
681,8
682,8
683,8
684,8
685,8
686,8
687,8
688,8
689,8
690,8
691,8
692,8
693,8
694,8
695,8
696,8
697,8
698,8
699,8
700,8
701,8
702,8
703,8
704,8
705,8
706,8
707,8
708,8
709,8
710,8
711,8
712,8
713,8
714,8
715,8
716,8
717,8
718,8
719,8
720,8
721,8
722,8
723,8
724,8
725,8
726,8
727,8
728,8
729,8
730,8
731,9
732,9
733,9
734,9
735,9
736,9
737,9
738,9
739,9
740,9
741,9
742,9
743,9
744,9
745,9
746,9
747,9
748,9
749,9
750,9
751,9
752,9
753,9
754,9
755,9
756,9
757,9
758,9
759,9
760,9
761,9
762,9
763,9
764,9
765,9
766,9
767,9
768,9
769,9
770,9
771,9
772,9
773,9
774,9
775,9
776,9
777,9
778,9
779,9
780,9
781,9
782,9
783,9
784,9
785,9
786,9
787,9
788,9
789,9
790,9
791,9
792,9
793,9
794,9
795,9
796,9
797,9
798,9
799,9
800,9
801,9
802,9
803,9
804,9
805,9
806,9
807,9
808,9
809,9
810,9
811,9
812,9
813,9
814,9
815,9
816,9
817,9
818,9
819,9
820,9
821,10
822,10
823,10
824,10
825,10
826,10
827,10
828,10
829,10
830,10
831,10
832,10
833,10
834,10
835,10
836,10
837,10
838,10
839,10
840,10
841,10
842,10
843,10
844,10
845,10
846,10
847,10
848,10
849,10
850,10
851,10
852,10
853,10
854,10
855,10
856,10
857,10
858,10
859,10
860,10
861,10
862,10
863,10
864,10
865,10
866,10
867,10
868,10
869,10
870,10
871,10
872,10
873,10
874,10
875,10
876,10
877,10
878,10
879,10
880,10
881,10
882,10
883,10
884,10
885,10
886,10
887,10
888,10
889,10
890,10
891,10
892,10
893,10
894,10
895,10
896,10
897,10
898,10
899,10
900,10
901,10
902,10
903,10
904,10
905,10
906,10
907,10
908,10
909,10
910,10
911,10
912,11
913,11
914,11
915,11
916,11
917,11
918,11
919,11
920,11
921,11
922,11
923,11
924,11
925,11
926,11
927,11
928,11
929,11
930,11
931,11
932,11
933,11
934,11
935,11
936,11
937,11
938,11
939,11
940,11
941,11
942,11
943,11
944,11
945,11
946,11
947,11
948,11
949,11
950,11
951,11
952,11
953,11
954,11
955,11
956,11
957,11
958,11
959,11
960,11
961,11
962,11
963,11
964,11
965,11
966,11
967,11
968,11
969,11
970,11
971,11
972,11
973,11
974,11
975,11
976,11
977,11
978,11
979,11
980,11
981,11
982,11
983,11
984,11
985,11
986,11
987,11
988,11
989,11
990,11
991,11
992,11
993,11
994,11
995,11
996,11
997,11
998,11
999,11
1000,11
1001,11
1002,11
1003,11
1004,12
1005,12
1006,12
1007,12
1008,12
1009,12
1010,12
1011,12
1012,12
1013,12
1014,12
1015,12
1016,12
1017,12
1018,12
1019,12
1020,12
1021,12
1022,12
1023,12
1024,12
1025,12
1026,12
1027,12
1028,12
1029,12
1030,12
1031,12
1032,12
1033,12
1034,12
1035,12
1036,12
1037,12
1038,12
1039,12
1040,12
1041,12
1042,12
1043,12
1044,12
1045,12
1046,12
1047,12
1048,12
1049,12
1050,12
1051,12
1052,12
1053,12
1054,12
1055,12
1056,12
1057,12
1058,12
1059,12
1060,12
1061,12
1062,12
1063,12
1064,12
1065,12
1066,12
1067,12
1068,12
1069,12
1070,12
1071,12
1072,12
1073,12
1074,12
1075,12
1076,12
1077,12
1078,12
1079,12
1080,12
1081,12
1082,12
1083,12
1084,12
1085,12
1086,12
1087,12
1088,12
1089,12
1090,12
1091,12
1092,12
1093,12
1094,12
1095,12
1096,13
1097,13
1098,13
1099,13
1100,13
1101,13
1102,13
1103,13
1104,13
1105,13
1106,13
1107,13
1108,13
1109,13
1110,13
1111,13
1112,13
1113,13
1114,13
1115,13
1116,13
1117,13
1118,13
1119,13
1120,13
1121,13
1122,13
1123,13
1124,13
1125,13
1126,13
1127,13
1128,13
1129,13
1130,13
1131,13
1132,13
1133,13
1134,13
1135,13
1136,13
1137,13
1138,13
1139,13
1140,13
1141,13
1142,13
1143,13
1144,13
1145,13
1146,13
1147,13
1148,13
1149,13
1150,13
1151,13
1152,13
1153,13
1154,13
1155,13
1156,13
1157,13
1158,13
1159,13
1160,13
1161,13
1162,13
1163,13
1164,13
1165,13
1166,13
1167,13
1168,13
1169,13
1170,13
1171,13
1172,13
1173,13
1174,13
1175,13
1176,13
1177,13
1178,13
1179,13
1180,13
1181,13
1182,13
1183,13
1184,13
1185,13
1186,13
1187,14
1188,14
1189,14
1190,14
1191,14
1192,14
1193,14
1194,14
1195,14
1196,14
1197,14
1198,14
1199,14
1200,14
1201,14
1202,14
1203,14
1204,14
1205,14
1206,14
1207,14
1208,14
1209,14
1210,14
1211,14
1212,14
1213,14
1214,14
1215,14
1216,14
1217,14
1218,14
1219,14
1220,14
1221,14
1222,14
1223,14
1224,14
1225,14
1226,14
1227,14
1228,14
1229,14
1230,14
1231,14
1232,14
1233,14
1234,14
1235,14
1236,14
1237,14
1238,14
1239,14
1240,14
1241,14
1242,14
1243,14
1244,14
1245,14
1246,14
1247,14
1248,14
1249,14
1250,14
1251,14
1252,14
1253,14
1254,14
1255,14
1256,14
1257,14
1258,14
1259,14
1260,14
1261,14
1262,14
1263,14
1264,14
1265,14
1266,14
1267,14
1268,14
1269,14
1270,14
1271,14
1272,14
1273,14
1274,14
1275,14
1276,14
1277,14
1278,15
1279,15
1280,15
1281,15
1282,15
1283,15
1284,15
1285,15
1286,15
1287,15
1288,15
1289,15
1290,15
1291,15
1292,15
1293,15
1294,15
1295,15
1296,15
1297,15
1298,15
1299,15
1300,15
1301,15
1302,15
1303,15
1304,15
1305,15
1306,15
1307,15
1308,15
1309,15
1310,15
1311,15
1312,15
1313,15
1314,15
1315,15
1316,15
1317,15
1318,15
1319,15
1320,15
1321,15
1322,15
1323,15
1324,15
1325,15
1326,15
1327,15
1328,15
1329,15
1330,15
1331,15
1332,15
1333,15
1334,15
1335,15
1336,15
1337,15
1338,15
1339,15
1340,15
1341,15
1342,15
1343,15
1344,15
1345,15
1346,15
1347,15
1348,15
1349,15
1350,15
1351,15
1352,15
1353,15
1354,15
1355,15
1356,15
1357,15
1358,15
1359,15
1360,15
1361,15
1362,15
1363,15
1364,15
1365,15
1366,15
1367,15
1368,15
1369,15
1370,16
1371,16
1372,16
1373,16
1374,16
1375,16
1376,16
1377,16
1378,16
1379,16
1380,16
1381,16
1382,16
1383,16
1384,16
1385,16
1386,16
1387,16
1388,16
1389,16
1390,16
1391,16
1392,16
1393,16
1394,16
1395,16
1396,16
1397,16
1398,16
1399,16
1400,16
1401,16
1402,16
1403,16
1404,16
1405,16
1406,16
1407,16
1408,16
1409,16
1410,16
1411,16
1412,16
1413,16
1414,16
1415,16
1416,16
1417,16
1418,16
1419,16
1420,16
1421,16
1422,16
1423,16
1424,16
1425,16
1426,16
1427,16
1428,16
1429,16
1430,16
1431,16
1432,16
1433,16
1434,16
1435,16
1436,16
1437,16
1438,16
1439,16
1440,16
1441,16
1442,16
1443,16
1444,16
1445,16
1446,16
1447,16
1448,16
1449,16
1450,16
1451,16
1452,16
1453,16
1454,16
1455,16
1456,16
1457,16
1458,16
1459,16
1460,16
1461,16
1462,17
1463,17
1464,17
1465,17
1466,17
1467,17
1468,17
1469,17
1470,17
1471,17
1472,17
1473,17
1474,17
1475,17
1476,17
1477,17
1478,17
1479,17
1480,17
1481,17
1482,17
1483,17
1484,17
1485,17
1486,17
1487,17
1488,17
1489,17
1490,17
1491,17
1492,17
1493,17
1494,17
1495,17
1496,17
1497,17
1498,17
1499,17
1500,17
1501,17
1502,17
1503,17
1504,17
1505,17
1506,17
1507,17
1508,17
1509,17
1510,17
1511,17
1512,17
1513,17
1514,17
1515,17
1516,17
1517,17
1518,17
1519,17
1520,17
1521,17
1522,17
1523,17
1524,17
1525,17
1526,17
1527,17
1528,17
1529,17
1530,17
1531,17
1532,17
1533,17
1534,17
1535,17
1536,17
1537,17
1538,17
1539,17
1540,17
1541,17
1542,17
1543,17
1544,17
1545,17
1546,17
1547,17
1548,17
1549,17
1550,17
1551,17
1552,18
1553,18
1554,18
1555,18
1556,18
1557,18
1558,18
1559,18
1560,18
1561,18
1562,18
1563,18
1564,18
1565,18
1566,18
1567,18
1568,18
1569,18
1570,18
1571,18
1572,18
1573,18
1574,18
1575,18
1576,18
1577,18
1578,18
1579,18
1580,18
1581,18
1582,18
1583,18
1584,18
1585,18
1586,18
1587,18
1588,18
1589,18
1590,18
1591,18
1592,18
1593,18
1594,18
1595,18
1596,18
1597,18
1598,18
1599,18
1600,18
1601,18
1602,18
1603,18
1604,18
1605,18
1606,18
1607,18
1608,18
1609,18
1610,18
1611,18
1612,18
1613,18
1614,18
1615,18
1616,18
1617,18
1618,18
1619,18
1620,18
1621,18
1622,18
1623,18
1624,18
1625,18
1626,18
1627,18
1628,18
1629,18
1630,18
1631,18
1632,18
1633,18
1634,18
1635,18
1636,18
1637,18
1638,18
1639,18
1640,18
1641,18
1642,18
1643,19
1644,19
1645,19
1646,19
1647,19
1648,19
1649,19
1650,19
1651,19
1652,19
1653,19
1654,19
1655,19
1656,19
1657,19
1658,19
1659,19
1660,19
1661,19
1662,19
1663,19
1664,19
1665,19
1666,19
1667,19
1668,19
1669,19
1670,19
1671,19
1672,19
1673,19
1674,19
1675,19
1676,19
1677,19
1678,19
1679,19
1680,19
1681,19
1682,19
1683,19
1684,19
1685,19
1686,19
1687,19
1688,19
1689,19
1690,19
1691,19
1692,19
1693,19
1694,19
1695,19
1696,19
1697,19
1698,19
1699,19
1700,19
1701,19
1702,19
1703,19
1704,19
1705,19
1706,19
1707,19
1708,19
1709,19
1710,19
1711,19
1712,19
1713,19
1714,19
1715,19
1716,19
1717,19
1718,19
1719,19
1720,19
1721,19
1722,19
1723,19
1724,19
1725,19
1726,19
1727,19
1728,19
1729,19
1730,19
1731,19
1732,19
1733,19
1734,19
1735,20
1736,20
1737,20
1738,20
1739,20
1740,20
1741,20
1742,20
1743,20
1744,20
1745,20
1746,20
1747,20
1748,20
1749,20
1750,20
1751,20
1752,20
1753,20
1754,20
1755,20
1756,20
1757,20
1758,20
1759,20
1760,20
1761,20
1762,20
1763,20
1764,20
1765,20
1766,20
1767,20
1768,20
1769,20
1770,20
1771,20
1772,20
1773,20
1774,20
1775,20
1776,20
1777,20
1778,20
1779,20
1780,20
1781,20
1782,20
1783,20
1784,20
1785,20
1786,20
1787,20
1788,20
1789,20
1790,20
1791,20
1792,20
1793,20
1794,20
1795,20
1796,20
1797,20
1798,20
1799,20
1800,20
1801,20
1802,20
1803,20
1804,20
1805,20
1806,20
1807,20
1808,20
1809,20
1810,20
1811,20
1812,20
1813,20
1814,20
1815,20
1816,20
1817,20
1818,20
1819,20
1820,20
1821,20
1822,20
1823,20
1824,20
1825,20
1826,20
1827,21
1828,21
1829,21
1830,21
1831,21
1832,21
1833,21
1834,21
1835,21
1836,21
1837,21
1838,21
1839,21
1840,21
1841,21
1842,21
1843,21
1844,21
1845,21
1846,21
1847,21
1848,21
1849,21
1850,21
1851,21
1852,21
1853,21
1854,21
1855,21
1856,21
1857,21
1858,21
1859,21
1860,21
1861,21
1862,21
1863,21
1864,21
1865,21
1866,21
1867,21
1868,21
1869,21
1870,21
1871,21
1872,21
1873,21
1874,21
1875,21
1876,21
1877,21
1878,21
1879,21
1880,21
1881,21
1882,21
1883,21
1884,21
1885,21
1886,21
1887,21
1888,21
1889,21
1890,21
1891,21
1892,21
1893,21
1894,21
1895,21
1896,21
1897,21
1898,21
1899,21
1900,21
1901,21
1902,21
1903,21
1904,21
1905,21
1906,21
1907,21
1908,21
1909,21
1910,21
1911,21
1912,21
1913,21
1914,21
1915,21
1916,21
1917,22
1918,22
1919,22
1920,22
1921,22
1922,22
1923,22
1924,22
1925,22
1926,22
1927,22
1928,22
1929,22
1930,22
1931,22
1932,22
1933,22
1934,22
1935,22
1936,22
1937,22
1938,22
1939,22
1940,22
1941,22
1942,22
1943,22
1944,22
1945,22
1946,22
1947,22
1948,22
1949,22
1950,22
1951,22
1952,22
1953,22
1954,22
1955,22
1956,22
1957,22
1958,22
1959,22
1960,22
1961,22
1962,22
1963,22
1964,22
1965,22
1966,22
1967,22
1968,22
1969,22
1970,22
1971,22
1972,22
1973,22
1974,22
1975,22
1976,22
1977,22
1978,22
1979,22
1980,22
1981,22
1982,22
1983,22
1984,22
1985,22
1986,22
1987,22
1988,22
1989,22
1990,22
1991,22
1992,22
1993,22
1994,22
1995,22
1996,22
1997,22
1998,22
1999,22
2000,22
2001,22
2002,22
2003,22
2004,22
2005,22
2006,22
2007,22
2008,23
2009,23
2010,23
2011,23
2012,23
2013,23
2014,23
2015,23
2016,23
2017,23
2018,23
2019,23
2020,23
2021,23
2022,23
2023,23
2024,23
2025,23
2026,23
2027,23
2028,23
2029,23
2030,23
2031,23
2032,23
2033,23
2034,23
2035,23
2036,23
2037,23
2038,23
2039,23
2040,23
2041,23
2042,23
2043,23
2044,23
2045,23
2046,23
2047,23
2048,23
2049,23
2050,23
2051,23
2052,23
2053,23
2054,23
2055,23
2056,23
2057,23
2058,23
2059,23
2060,23
2061,23
2062,23
2063,23
2064,23
2065,23
2066,23
2067,23
2068,23
2069,23
2070,23
2071,23
2072,23
2073,23
2074,23
2075,23
2076,23
2077,23
2078,23
2079,23
2080,23
2081,23
2082,23
2083,23
2084,23
2085,23
2086,23
2087,23
2088,23
2089,23
2090,23
2091,23
2092,23
2093,23
2094,23
2095,23
2096,23
2097,23
2098,23
2099,23
2100,24
2101,24
2102,24
2103,24
2104,24
2105,24
2106,24
2107,24
2108,24
2109,24
2110,24
2111,24
2112,24
2113,24
2114,24
2115,24
2116,24
2117,24
2118,24
2119,24
2120,24
2121,24
2122,24
2123,24
2124,24
2125,24
2126,24
2127,24
2128,24
2129,24
2130,24
2131,24
2132,24
2133,24
2134,24
2135,24
2136,24
2137,24
2138,24
2139,24
2140,24
2141,24
2142,24
2143,24
2144,24
2145,24
2146,24
2147,24
2148,24
2149,24
2150,24
2151,24
2152,24
2153,24
2154,24
2155,24
2156,24
2157,24
2158,24
2159,24
2160,24
2161,24
2162,24
2163,24
2164,24
2165,24
2166,24
2167,24
2168,24
2169,24
2170,24
2171,24
2172,24
2173,24
2174,24
2175,24
2176,24
2177,24
2178,24
2179,24
2180,24
2181,24
2182,24
2183,24
2184,24
2185,24
2186,24
2187,24
2188,24
2189,24
2190,24
2191,24
2192,25
2193,25
2194,25
2195,25
2196,25
2197,25
2198,25
2199,25
2200,25
2201,25
2202,25
2203,25
2204,25
2205,25
2206,25
2207,25
2208,25
2209,25
2210,25
2211,25
2212,25
2213,25
2214,25
2215,25
2216,25
2217,25
2218,25
2219,25
2220,25
2221,25
2222,25
2223,25
2224,25
2225,25
2226,25
2227,25
2228,25
2229,25
2230,25
2231,25
2232,25
2233,25
2234,25
2235,25
2236,25
2237,25
2238,25
2239,25
2240,25
2241,25
2242,25
2243,25
2244,25
2245,25
2246,25
2247,25
2248,25
2249,25
2250,25
2251,25
2252,25
2253,25
2254,25
2255,25
2256,25
2257,25
2258,25
2259,25
2260,25
2261,25
2262,25
2263,25
2264,25
2265,25
2266,25
2267,25
2268,25
2269,25
2270,25
2271,25
2272,25
2273,25
2274,25
2275,25
2276,25
2277,25
2278,25
2279,25
2280,25
2281,25
2282,26
2283,26
2284,26
2285,26
2286,26
2287,26
2288,26
2289,26
2290,26
2291,26
2292,26
2293,26
2294,26
2295,26
2296,26
2297,26
2298,26
2299,26
2300,26
2301,26
2302,26
2303,26
2304,26
2305,26
2306,26
2307,26
2308,26
2309,26
2310,26
2311,26
2312,26
2313,26
2314,26
2315,26
2316,26
2317,26
2318,26
2319,26
2320,26
2321,26
2322,26
2323,26
2324,26
2325,26
2326,26
2327,26
2328,26
2329,26
2330,26
2331,26
2332,26
2333,26
2334,26
2335,26
2336,26
2337,26
2338,26
2339,26
2340,26
2341,26
2342,26
2343,26
2344,26
2345,26
2346,26
2347,26
2348,26
2349,26
2350,26
2351,26
2352,26
2353,26
2354,26
2355,26
2356,26
2357,26
2358,26
2359,26
2360,26
2361,26
2362,26
2363,26
2364,26
2365,26
2366,26
2367,26
2368,26
2369,26
2370,26
2371,26
2372,26
2373,27
2374,27
2375,27
2376,27
2377,27
2378,27
2379,27
2380,27
2381,27
2382,27
2383,27
2384,27
2385,27
2386,27
2387,27
2388,27
2389,27
2390,27
2391,27
2392,27
2393,27
2394,27
2395,27
2396,27
2397,27
2398,27
2399,27
2400,27
2401,27
2402,27
2403,27
2404,27
2405,27
2406,27
2407,27
2408,27
2409,27
2410,27
2411,27
2412,27
2413,27
2414,27
2415,27
2416,27
2417,27
2418,27
2419,27
2420,27
2421,27
2422,27
2423,27
2424,27
2425,27
2426,27
2427,27
2428,27
2429,27
2430,27
2431,27
2432,27
2433,27
2434,27
2435,27
2436,27
2437,27
2438,27
2439,27
2440,27
2441,27
2442,27
2443,27
2444,27
2445,27
2446,27
2447,27
2448,27
2449,27
2450,27
2451,27
2452,27
2453,27
2454,27
2455,27
2456,27
2457,27
2458,27
2459,27
2460,27
2461,27
2462,27
2463,27
2464,27
2465,28
2466,28
2467,28
2468,28
2469,28
2470,28
2471,28
2472,28
2473,28
2474,28
2475,28
2476,28
2477,28
2478,28
2479,28
2480,28
2481,28
2482,28
2483,28
2484,28
2485,28
2486,28
2487,28
2488,28
2489,28
2490,28
2491,28
2492,28
2493,28
2494,28
2495,28
2496,28
2497,28
2498,28
2499,28
2500,28
2501,28
2502,28
2503,28
2504,28
2505,28
2506,28
2507,28
2508,28
2509,28
2510,28
2511,28
2512,28
2513,28
2514,28
2515,28
2516,28
2517,28
2518,28
2519,28
2520,28
2521,28
2522,28
2523,28
2524,28
2525,28
2526,28
2527,28
2528,28
2529,28
2530,28
2531,28
2532,28
2533,28
2534,28
2535,28
2536,28
2537,28
2538,28
2539,28
2540,28
2541,28
2542,28
2543,28
2544,28
2545,28
2546,28
2547,28
2548,28
2549,28
2550,28
2551,28
2552,28
2553,28
2554,28
2555,28
2556,28
2557,29
2558,29
2559,29
2560,29
2561,29
2562,29
2563,29
2564,29
2565,29
2566,29
2567,29
2568,29
2569,29
2570,29
2571,29
2572,29
2573,29
2574,29
2575,29
2576,29
2577,29
2578,29
2579,29
2580,29
2581,29
2582,29
2583,29
2584,29
2585,29
2586,29
2587,29
2588,29
2589,29
2590,29
2591,29
2592,29
2593,29
2594,29
2595,29
2596,29
2597,29
2598,29
2599,29
2600,29
2601,29
2602,29
2603,29
2604,29
2605,29
2606,29
2607,29
2608,29
2609,29
2610,29
2611,29
2612,29
2613,29
2614,29
2615,29
2616,29
2617,29
2618,29
2619,29
2620,29
2621,29
2622,29
2623,29
2624,29
2625,29
2626,29
2627,29
2628,29
2629,29
2630,29
2631,29
2632,29
2633,29
2634,29
2635,29
2636,29
2637,29
2638,29
2639,29
2640,29
2641,29
2642,29
2643,29
2644,29
2645,29
2646,29
2647,29
2648,30
2649,30
2650,30
2651,30
2652,30
2653,30
2654,30
2655,30
2656,30
2657,30
2658,30
2659,30
2660,30
2661,30
2662,30
2663,30
2664,30
2665,30
2666,30
2667,30
2668,30
2669,30
2670,30
2671,30
2672,30
2673,30
2674,30
2675,30
2676,30
2677,30
2678,30
2679,30
2680,30
2681,30
2682,30
2683,30
2684,30
2685,30
2686,30
2687,30
2688,30
2689,30
2690,30
2691,30
2692,30
2693,30
2694,30
2695,30
2696,30
2697,30
2698,30
2699,30
2700,30
2701,30
2702,30
2703,30
2704,30
2705,30
2706,30
2707,30
2708,30
2709,30
2710,30
2711,30
2712,30
2713,30
2714,30
2715,30
2716,30
2717,30
2718,30
2719,30
2720,30
2721,30
2722,30
2723,30
2724,30
2725,30
2726,30
2727,30
2728,30
2729,30
2730,30
2731,30
2732,30
2733,30
2734,30
2735,30
2736,30
2737,30
2738,30
2739,31
2740,31
2741,31
2742,31
2743,31
2744,31
2745,31
2746,31
2747,31
2748,31
2749,31
2750,31
2751,31
2752,31
2753,31
2754,31
2755,31
2756,31
2757,31
2758,31
2759,31
2760,31
2761,31
2762,31
2763,31
2764,31
2765,31
2766,31
2767,31
2768,31
2769,31
2770,31
2771,31
2772,31
2773,31
2774,31
2775,31
2776,31
2777,31
2778,31
2779,31
2780,31
2781,31
2782,31
2783,31
2784,31
2785,31
2786,31
2787,31
2788,31
2789,31
2790,31
2791,31
2792,31
2793,31
2794,31
2795,31
2796,31
2797,31
2798,31
2799,31
2800,31
2801,31
2802,31
2803,31
2804,31
2805,31
2806,31
2807,31
2808,31
2809,31
2810,31
2811,31
2812,31
2813,31
2814,31
2815,31
2816,31
2817,31
2818,31
2819,31
2820,31
2821,31
2822,31
2823,31
2824,31
2825,31
2826,31
2827,31
2828,31
2829,31
2830,31
2831,32
2832,32
2833,32
2834,32
2835,32
2836,32
2837,32
2838,32
2839,32
2840,32
2841,32
2842,32
2843,32
2844,32
2845,32
2846,32
2847,32
2848,32
2849,32
2850,32
2851,32
2852,32
2853,32
2854,32
2855,32
2856,32
2857,32
2858,32
2859,32
2860,32
2861,32
2862,32
2863,32
2864,32
2865,32
2866,32
2867,32
2868,32
2869,32
2870,32
2871,32
2872,32
2873,32
2874,32
2875,32
2876,32
2877,32
2878,32
2879,32
2880,32
2881,32
2882,32
2883,32
2884,32
2885,32
2886,32
2887,32
2888,32
2889,32
2890,32
2891,32
2892,32
2893,32
2894,32
2895,32
2896,32
2897,32
2898,32
2899,32
2900,32
2901,32
2902,32
2903,32
2904,32
2905,32
2906,32
2907,32
2908,32
2909,32
2910,32
2911,32
2912,32
2913,32
2914,32
2915,32
2916,32
2917,32
2918,32
2919,32
2920,32
2921,32
2922,32
2923,33
2924,33
2925,33
2926,33
2927,33
2928,33
2929,33
2930,33
2931,33
2932,33
2933,33
2934,33
2935,33
2936,33
2937,33
2938,33
2939,33
2940,33
2941,33
2942,33
2943,33
2944,33
2945,33
2946,33
2947,33
2948,33
2949,33
2950,33
2951,33
2952,33
2953,33
2954,33
2955,33
2956,33
2957,33
2958,33
2959,33
2960,33
2961,33
2962,33
2963,33
2964,33
2965,33
2966,33
2967,33
2968,33
2969,33
2970,33
2971,33
2972,33
2973,33
2974,33
2975,33
2976,33
2977,33
2978,33
2979,33
2980,33
2981,33
2982,33
2983,33
2984,33
2985,33
2986,33
2987,33
2988,33
2989,33
2990,33
2991,33
2992,33
2993,33
2994,33
2995,33
2996,33
2997,33
2998,33
2999,33
3000,33
3001,33
3002,33
3003,33
3004,33
3005,33
3006,33
3007,33
3008,33
3009,33
3010,33
3011,33
3012,33
3013,34
3014,34
3015,34
3016,34
3017,34
3018,34
3019,34
3020,34
3021,34
3022,34
3023,34
3024,34
3025,34
3026,34
3027,34
3028,34
3029,34
3030,34
3031,34
3032,34
3033,34
3034,34
3035,34
3036,34
3037,34
3038,34
3039,34
3040,34
3041,34
3042,34
3043,34
3044,34
3045,34
3046,34
3047,34
3048,34
3049,34
3050,34
3051,34
3052,34
3053,34
3054,34
3055,34
3056,34
3057,34
3058,34
3059,34
3060,34
3061,34
3062,34
3063,34
3064,34
3065,34
3066,34
3067,34
3068,34
3069,34
3070,34
3071,34
3072,34
3073,34
3074,34
3075,34
3076,34
3077,34
3078,34
3079,34
3080,34
3081,34
3082,34
3083,34
3084,34
3085,34
3086,34
3087,34
3088,34
3089,34
3090,34
3091,34
3092,34
3093,34
3094,34
3095,34
3096,34
3097,34
3098,34
3099,34
3100,34
3101,34
3102,34
3103,34
3104,35
3105,35
3106,35
3107,35
3108,35
3109,35
3110,35
3111,35
3112,35
3113,35
3114,35
3115,35
3116,35
3117,35
3118,35
3119,35
3120,35
3121,35
3122,35
3123,35
3124,35
3125,35
3126,35
3127,35
3128,35
3129,35
3130,35
3131,35
3132,35
3133,35
3134,35
3135,35
3136,35
3137,35
3138,35
3139,35
3140,35
3141,35
3142,35
3143,35
3144,35
3145,35
3146,35
3147,35
3148,35
3149,35
3150,35
3151,35
3152,35
3153,35
3154,35
3155,35
3156,35
3157,35
3158,35
3159,35
3160,35
3161,35
3162,35
3163,35
3164,35
3165,35
3166,35
3167,35
3168,35
3169,35
3170,35
3171,35
3172,35
3173,35
3174,35
3175,35
3176,35
3177,35
3178,35
3179,35
3180,35
3181,35
3182,35
3183,35
3184,35
3185,35
3186,35
3187,35
3188,35
3189,35
3190,35
3191,35
3192,35
3193,35
3194,35
3195,35
3196,36
3197,36
3198,36
3199,36
3200,36
3201,36
3202,36
3203,36
3204,36
3205,36
3206,36
3207,36
3208,36
3209,36
3210,36
3211,36
3212,36
3213,36
3214,36
3215,36
3216,36
3217,36
3218,36
3219,36
3220,36
3221,36
3222,36
3223,36
3224,36
3225,36
3226,36
3227,36
3228,36
3229,36
3230,36
3231,36
3232,36
3233,36
3234,36
3235,36
3236,36
3237,36
3238,36
3239,36
3240,36
3241,36
3242,36
3243,36
3244,36
3245,36
3246,36
3247,36
3248,36
3249,36
3250,36
3251,36
3252,36
3253,36
3254,36
3255,36
3256,36
3257,36
3258,36
3259,36
3260,36
3261,36
3262,36
3263,36
3264,36
3265,36
3266,36
3267,36
3268,36
3269,36
3270,36
3271,36
3272,36
3273,36
3274,36
3275,36
3276,36
3277,36
3278,36
3279,36
3280,36
3281,36
3282,36
3283,36
3284,36
3285,36
3286,36
3287,36
3288,37
3289,37
3290,37
3291,37
3292,37
3293,37
3294,37
3295,37
3296,37
3297,37
3298,37
3299,37
3300,37
3301,37
3302,37
3303,37
3304,37
3305,37
3306,37
3307,37
3308,37
3309,37
3310,37
3311,37
3312,37
3313,37
3314,37
3315,37
3316,37
3317,37
3318,37
3319,37
3320,37
3321,37
3322,37
3323,37
3324,37
3325,37
3326,37
3327,37
3328,37
3329,37
3330,37
3331,37
3332,37
3333,37
3334,37
3335,37
3336,37
3337,37
3338,37
3339,37
3340,37
3341,37
3342,37
3343,37
3344,37
3345,37
3346,37
3347,37
3348,37
3349,37
3350,37
3351,37
3352,37
3353,37
3354,37
3355,37
3356,37
3357,37
3358,37
3359,37
3360,37
3361,37
3362,37
3363,37
3364,37
3365,37
3366,37
3367,37
3368,37
3369,37
3370,37
3371,37
3372,37
3373,37
3374,37
3375,37
3376,37
3377,37
3378,38
3379,38
3380,38
3381,38
3382,38
3383,38
3384,38
3385,38
3386,38
3387,38
3388,38
3389,38
3390,38
3391,38
3392,38
3393,38
3394,38
3395,38
3396,38
3397,38
3398,38
3399,38
3400,38
3401,38
3402,38
3403,38
3404,38
3405,38
3406,38
3407,38
3408,38
3409,38
3410,38
3411,38
3412,38
3413,38
3414,38
3415,38
3416,38
3417,38
3418,38
3419,38
3420,38
3421,38
3422,38
3423,38
3424,38
3425,38
3426,38
3427,38
3428,38
3429,38
3430,38
3431,38
3432,38
3433,38
3434,38
3435,38
3436,38
3437,38
3438,38
3439,38
3440,38
3441,38
3442,38
3443,38
3444,38
3445,38
3446,38
3447,38
3448,38
3449,38
3450,38
3451,38
3452,38
3453,38
3454,38
3455,38
3456,38
3457,38
3458,38
3459,38
3460,38
3461,38
3462,38
3463,38
3464,38
3465,38
3466,38
3467,38
3468,38
3469,39
3470,39
3471,39
3472,39
3473,39
3474,39
3475,39
3476,39
3477,39
3478,39
3479,39
3480,39
3481,39
3482,39
3483,39
3484,39
3485,39
3486,39
3487,39
3488,39
3489,39
3490,39
3491,39
3492,39
3493,39
3494,39
3495,39
3496,39
3497,39
3498,39
3499,39
3500,39
3501,39
3502,39
3503,39
3504,39
3505,39
3506,39
3507,39
3508,39
3509,39
3510,39
3511,39
3512,39
3513,39
3514,39
3515,39
3516,39
3517,39
3518,39
3519,39
3520,39
3521,39
3522,39
3523,39
3524,39
3525,39
3526,39
3527,39
3528,39
3529,39
3530,39
3531,39
3532,39
3533,39
3534,39
3535,39
3536,39
3537,39
3538,39
3539,39
3540,39
3541,39
3542,39
3543,39
3544,39
3545,39
3546,39
3547,39
3548,39
3549,39
3550,39
3551,39
3552,39
3553,39
3554,39
3555,39
3556,39
3557,39
3558,39
3559,39
3560,39
3561,40
3562,40
3563,40
3564,40
3565,40
3566,40
3567,40
3568,40
3569,40
3570,40
3571,40
3572,40
3573,40
3574,40
3575,40
3576,40
3577,40
3578,40
3579,40
3580,40
3581,40
3582,40
3583,40
3584,40
3585,40
3586,40
3587,40
3588,40
3589,40
3590,40
3591,40
3592,40
3593,40
3594,40
3595,40
3596,40
3597,40
3598,40
3599,40
3600,40
3601,40
3602,40
3603,40
3604,40
3605,40
3606,40
3607,40
3608,40
3609,40
3610,40
3611,40
3612,40
3613,40
3614,40
3615,40
3616,40
3617,40
3618,40
3619,40
3620,40
3621,40
3622,40
3623,40
3624,40
3625,40
3626,40
3627,40
3628,40
3629,40
3630,40
3631,40
3632,40
3633,40
3634,40
3635,40
3636,40
3637,40
3638,40
3639,40
3640,40
3641,40
3642,40
3643,40
3644,40
3645,40
3646,40
3647,40
3648,40
3649,40
3650,40
3651,40
3652,40
3653,41
3654,41
3655,41
3656,41
3657,41
3658,41
3659,41
3660,41
3661,41
3662,41
3663,41
3664,41
3665,41
3666,41
3667,41
3668,41
3669,41
3670,41
3671,41
3672,41
3673,41
3674,41
3675,41
3676,41
3677,41
3678,41
3679,41
3680,41
3681,41
3682,41
3683,41
3684,41
3685,41
3686,41
3687,41
3688,41
3689,41
3690,41
3691,41
3692,41
3693,41
3694,41
3695,41
3696,41
3697,41
3698,41
3699,41
3700,41
3701,41
3702,41
3703,41
3704,41
3705,41
3706,41
3707,41
3708,41
3709,41
3710,41
3711,41
3712,41
3713,41
3714,41
3715,41
3716,41
3717,41
3718,41
3719,41
3720,41
3721,41
3722,41
3723,41
3724,41
3725,41
3726,41
3727,41
3728,41
3729,41
3730,41
3731,41
3732,41
3733,41
3734,41
3735,41
3736,41
3737,41
3738,41
3739,41
3740,41
3741,41
3742,41
3743,42
3744,42
3745,42
3746,42
3747,42
3748,42
3749,42
3750,42
3751,42
3752,42
3753,42
3754,42
3755,42
3756,42
3757,42
3758,42
3759,42
3760,42
3761,42
3762,42
3763,42
3764,42
3765,42
3766,42
3767,42
3768,42
3769,42
3770,42
3771,42
3772,42
3773,42
3774,42
3775,42
3776,42
3777,42
3778,42
3779,42
3780,42
3781,42
3782,42
3783,42
3784,42
3785,42
3786,42
3787,42
3788,42
3789,42
3790,42
3791,42
3792,42
3793,42
3794,42
3795,42
3796,42
3797,42
3798,42
3799,42
3800,42
3801,42
3802,42
3803,42
3804,42
3805,42
3806,42
3807,42
3808,42
3809,42
3810,42
3811,42
3812,42
3813,42
3814,42
3815,42
3816,42
3817,42
3818,42
3819,42
3820,42
3821,42
3822,42
3823,42
3824,42
3825,42
3826,42
3827,42
3828,42
3829,42
3830,42
3831,42
3832,42
3833,42
3834,43
3835,43
3836,43
3837,43
3838,43
3839,43
3840,43
3841,43
3842,43
3843,43
3844,43
3845,43
3846,43
3847,43
3848,43
3849,43
3850,43
3851,43
3852,43
3853,43
3854,43
3855,43
3856,43
3857,43
3858,43
3859,43
3860,43
3861,43
3862,43
3863,43
3864,43
3865,43
3866,43
3867,43
3868,43
3869,43
3870,43
3871,43
3872,43
3873,43
3874,43
3875,43
3876,43
3877,43
3878,43
3879,43
3880,43
3881,43
3882,43
3883,43
3884,43
3885,43
3886,43
3887,43
3888,43
3889,43
3890,43
3891,43
3892,43
3893,43
3894,43
3895,43
3896,43
3897,43
3898,43
3899,43
3900,43
3901,43
3902,43
3903,43
3904,43
3905,43
3906,43
3907,43
3908,43
3909,43
3910,43
3911,43
3912,43
3913,43
3914,43
3915,43
3916,43
3917,43
3918,43
3919,43
3920,43
3921,43
3922,43
3923,43
3924,43
3925,43
3926,44
3927,44
3928,44
3929,44
3930,44
3931,44
3932,44
3933,44
3934,44
3935,44
3936,44
3937,44
3938,44
3939,44
3940,44
3941,44
3942,44
3943,44
3944,44
3945,44
3946,44
3947,44
3948,44
3949,44
3950,44
3951,44
3952,44
3953,44
3954,44
3955,44
3956,44
3957,44
3958,44
3959,44
3960,44
3961,44
3962,44
3963,44
3964,44
3965,44
3966,44
3967,44
3968,44
3969,44
3970,44
3971,44
3972,44
3973,44
3974,44
3975,44
3976,44
3977,44
3978,44
3979,44
3980,44
3981,44
3982,44
3983,44
3984,44
3985,44
3986,44
3987,44
3988,44
3989,44
3990,44
3991,44
3992,44
3993,44
3994,44
3995,44
3996,44
3997,44
3998,44
3999,44
4000,44
4001,44
4002,44
4003,44
4004,44
4005,44
4006,44
4007,44
4008,44
4009,44
4010,44
4011,44
4012,44
4013,44
4014,44
4015,44
4016,44
4017,44
4018,45
4019,45
4020,45
4021,45
4022,45
4023,45
4024,45
4025,45
4026,45
4027,45
4028,45
4029,45
4030,45
4031,45
4032,45
4033,45
4034,45
4035,45
4036,45
4037,45
4038,45
4039,45
4040,45
4041,45
4042,45
4043,45
4044,45
4045,45
4046,45
4047,45
4048,45
4049,45
4050,45
4051,45
4052,45
4053,45
4054,45
4055,45
4056,45
4057,45
4058,45
4059,45
4060,45
4061,45
4062,45
4063,45
4064,45
4065,45
4066,45
4067,45
4068,45
4069,45
4070,45
4071,45
4072,45
4073,45
4074,45
4075,45
4076,45
4077,45
4078,45
4079,45
4080,45
4081,45
4082,45
4083,45
4084,45
4085,45
4086,45
4087,45
4088,45
4089,45
4090,45
4091,45
4092,45
4093,45
4094,45
4095,45
4096,45
4097,45
4098,45
4099,45
4100,45
4101,45
4102,45
4103,45
4104,45
4105,45
4106,45
4107,45
4108,45
4109,46
4110,46
4111,46
4112,46
4113,46
4114,46
4115,46
4116,46
4117,46
4118,46
4119,46
4120,46
4121,46
4122,46
4123,46
4124,46
4125,46
4126,46
4127,46
4128,46
4129,46
4130,46
4131,46
4132,46
4133,46
4134,46
4135,46
4136,46
4137,46
4138,46
4139,46
4140,46
4141,46
4142,46
4143,46
4144,46
4145,46
4146,46
4147,46
4148,46
4149,46
4150,46
4151,46
4152,46
4153,46
4154,46
4155,46
4156,46
4157,46
4158,46
4159,46
4160,46
4161,46
4162,46
4163,46
4164,46
4165,46
4166,46
4167,46
4168,46
4169,46
4170,46
4171,46
4172,46
4173,46
4174,46
4175,46
4176,46
4177,46
4178,46
4179,46
4180,46
4181,46
4182,46
4183,46
4184,46
4185,46
4186,46
4187,46
4188,46
4189,46
4190,46
4191,46
4192,46
4193,46
4194,46
4195,46
4196,46
4197,46
4198,46
4199,46
4200,47
4201,47
4202,47
4203,47
4204,47
4205,47
4206,47
4207,47
4208,47
4209,47
4210,47
4211,47
4212,47
4213,47
4214,47
4215,47
4216,47
4217,47
4218,47
4219,47
4220,47
4221,47
4222,47
4223,47
4224,47
4225,47
4226,47
4227,47
4228,47
4229,47
4230,47
4231,47
4232,47
4233,47
4234,47
4235,47
4236,47
4237,47
4238,47
4239,47
4240,47
4241,47
4242,47
4243,47
4244,47
4245,47
4246,47
4247,47
4248,47
4249,47
4250,47
4251,47
4252,47
4253,47
4254,47
4255,47
4256,47
4257,47
4258,47
4259,47
4260,47
4261,47
4262,47
4263,47
4264,47
4265,47
4266,47
4267,47
4268,47
4269,47
4270,47
4271,47
4272,47
4273,47
4274,47
4275,47
4276,47
4277,47
4278,47
4279,47
4280,47
4281,47
4282,47
4283,47
4284,47
4285,47
4286,47
4287,47
4288,47
4289,47
4290,47
4291,47
4292,48
4293,48
4294,48
4295,48
4296,48
4297,48
4298,48
4299,48
4300,48
4301,48
4302,48
4303,48
4304,48
4305,48
4306,48
4307,48
4308,48
4309,48
4310,48
4311,48
4312,48
4313,48
4314,48
4315,48
4316,48
4317,48
4318,48
4319,48
4320,48
4321,48
4322,48
4323,48
4324,48
4325,48
4326,48
4327,48
4328,48
4329,48
4330,48
4331,48
4332,48
4333,48
4334,48
4335,48
4336,48
4337,48
4338,48
4339,48
4340,48
4341,48
4342,48
4343,48
4344,48
4345,48
4346,48
4347,48
4348,48
4349,48
4350,48
4351,48
4352,48
4353,48
4354,48
4355,48
4356,48
4357,48
4358,48
4359,48
4360,48
4361,48
4362,48
4363,48
4364,48
4365,48
4366,48
4367,48
4368,48
4369,48
4370,48
4371,48
4372,48
4373,48
4374,48
4375,48
4376,48
4377,48
4378,48
4379,48
4380,48
4381,48
4382,48
4383,48
4384,49
4385,49
4386,49
4387,49
4388,49
4389,49
4390,49
4391,49
4392,49
4393,49
4394,49
4395,49
4396,49
4397,49
4398,49
4399,49
4400,49
4401,49
4402,49
4403,49
4404,49
4405,49
4406,49
4407,49
4408,49
4409,49
4410,49
4411,49
4412,49
4413,49
4414,49
4415,49
4416,49
4417,49
4418,49
4419,49
4420,49
4421,49
4422,49
4423,49
4424,49
4425,49
4426,49
4427,49
4428,49
4429,49
4430,49
4431,49
4432,49
4433,49
4434,49
4435,49
4436,49
4437,49
4438,49
4439,49
4440,49
4441,49
4442,49
4443,49
4444,49
4445,49
4446,49
4447,49
4448,49
4449,49
4450,49
4451,49
4452,49
4453,49
4454,49
4455,49
4456,49
4457,49
4458,49
4459,49
4460,49
4461,49
4462,49
4463,49
4464,49
4465,49
4466,49
4467,49
4468,49
4469,49
4470,49
4471,49
4472,49
4473,49
4474,50
4475,50
4476,50
4477,50
4478,50
4479,50
4480,50
4481,50
4482,50
4483,50
4484,50
4485,50
4486,50
4487,50
4488,50
4489,50
4490,50
4491,50
4492,50
4493,50
4494,50
4495,50
4496,50
4497,50
4498,50
4499,50
4500,50
4501,50
4502,50
4503,50
4504,50
4505,50
4506,50
4507,50
4508,50
4509,50
4510,50
4511,50
4512,50
4513,50
4514,50
4515,50
4516,50
4517,50
4518,50
4519,50
4520,50
4521,50
4522,50
4523,50
4524,50
4525,50
4526,50
4527,50
4528,50
4529,50
4530,50
4531,50
4532,50
4533,50
4534,50
4535,50
4536,50
4537,50
4538,50
4539,50
4540,50
4541,50
4542,50
4543,50
4544,50
4545,50
4546,50
4547,50
4548,50
4549,50
4550,50
4551,50
4552,50
4553,50
4554,50
4555,50
4556,50
4557,50
4558,50
4559,50
4560,50
4561,50
4562,50
4563,50
4564,50
4565,51
4566,51
4567,51
4568,51
4569,51
4570,51
4571,51
4572,51
4573,51
4574,51
4575,51
4576,51
4577,51
4578,51
4579,51
4580,51
4581,51
4582,51
4583,51
4584,51
4585,51
4586,51
4587,51
4588,51
4589,51
4590,51
4591,51
4592,51
4593,51
4594,51
4595,51
4596,51
4597,51
4598,51
4599,51
4600,51
4601,51
4602,51
4603,51
4604,51
4605,51
4606,51
4607,51
4608,51
4609,51
4610,51
4611,51
4612,51
4613,51
4614,51
4615,51
4616,51
4617,51
4618,51
4619,51
4620,51
4621,51
4622,51
4623,51
4624,51
4625,51
4626,51
4627,51
4628,51
4629,51
4630,51
4631,51
4632,51
4633,51
4634,51
4635,51
4636,51
4637,51
4638,51
4639,51
4640,51
4641,51
4642,51
4643,51
4644,51
4645,51
4646,51
4647,51
4648,51
4649,51
4650,51
4651,51
4652,51
4653,51
4654,51
4655,51
4656,51
4657,52
4658,52
4659,52
4660,52
4661,52
4662,52
4663,52
4664,52
4665,52
4666,52
4667,52
4668,52
4669,52
4670,52
4671,52
4672,52
4673,52
4674,52
4675,52
4676,52
4677,52
4678,52
4679,52
4680,52
4681,52
4682,52
4683,52
4684,52
4685,52
4686,52
4687,52
4688,52
4689,52
4690,52
4691,52
4692,52
4693,52
4694,52
4695,52
4696,52
4697,52
4698,52
4699,52
4700,52
4701,52
4702,52
4703,52
4704,52
4705,52
4706,52
4707,52
4708,52
4709,52
4710,52
4711,52
4712,52
4713,52
4714,52
4715,52
4716,52
4717,52
4718,52
4719,52
4720,52
4721,52
4722,52
4723,52
4724,52
4725,52
4726,52
4727,52
4728,52
4729,52
4730,52
4731,52
4732,52
4733,52
4734,52
4735,52
4736,52
4737,52
4738,52
4739,52
4740,52
4741,52
4742,52
4743,52
4744,52
4745,52
4746,52
4747,52
4748,52
4749,53
4750,53
4751,53
4752,53
4753,53
4754,53
4755,53
4756,53
4757,53
4758,53
4759,53
4760,53
4761,53
4762,53
4763,53
4764,53
4765,53
4766,53
4767,53
4768,53
4769,53
4770,53
4771,53
4772,53
4773,53
4774,53
4775,53
4776,53
4777,53
4778,53
4779,53
4780,53
4781,53
4782,53
4783,53
4784,53
4785,53
4786,53
4787,53
4788,53
4789,53
4790,53
4791,53
4792,53
4793,53
4794,53
4795,53
4796,53
4797,53
4798,53
4799,53
4800,53
4801,53
4802,53
4803,53
4804,53
4805,53
4806,53
4807,53
4808,53
4809,53
4810,53
4811,53
4812,53
4813,53
4814,53
4815,53
4816,53
4817,53
4818,53
4819,53
4820,53
4821,53
4822,53
4823,53
4824,53
4825,53
4826,53
4827,53
4828,53
4829,53
4830,53
4831,53
4832,53
4833,53
4834,53
4835,53
4836,53
4837,53
4838,53
4839,54
4840,54
4841,54
4842,54
4843,54
4844,54
4845,54
4846,54
4847,54
4848,54
4849,54
4850,54
4851,54
4852,54
4853,54
4854,54
4855,54
4856,54
4857,54
4858,54
4859,54
4860,54
4861,54
4862,54
4863,54
4864,54
4865,54
4866,54
4867,54
4868,54
4869,54
4870,54
4871,54
4872,54
4873,54
4874,54
4875,54
4876,54
4877,54
4878,54
4879,54
4880,54
4881,54
4882,54
4883,54
4884,54
4885,54
4886,54
4887,54
4888,54
4889,54
4890,54
4891,54
4892,54
4893,54
4894,54
4895,54
4896,54
4897,54
4898,54
4899,54
4900,54
4901,54
4902,54
4903,54
4904,54
4905,54
4906,54
4907,54
4908,54
4909,54
4910,54
4911,54
4912,54
4913,54
4914,54
4915,54
4916,54
4917,54
4918,54
4919,54
4920,54
4921,54
4922,54
4923,54
4924,54
4925,54
4926,54
4927,54
4928,54
4929,54
4930,55
4931,55
4932,55
4933,55
4934,55
4935,55
4936,55
4937,55
4938,55
4939,55
4940,55
4941,55
4942,55
4943,55
4944,55
4945,55
4946,55
4947,55
4948,55
4949,55
4950,55
4951,55
4952,55
4953,55
4954,55
4955,55
4956,55
4957,55
4958,55
4959,55
4960,55
4961,55
4962,55
4963,55
4964,55
4965,55
4966,55
4967,55
4968,55
4969,55
4970,55
4971,55
4972,55
4973,55
4974,55
4975,55
4976,55
4977,55
4978,55
4979,55
4980,55
4981,55
4982,55
4983,55
4984,55
4985,55
4986,55
4987,55
4988,55
4989,55
4990,55
4991,55
4992,55
4993,55
4994,55
4995,55
4996,55
4997,55
4998,55
4999,55
5000,55
5001,55
5002,55
5003,55
5004,55
5005,55
5006,55
5007,55
5008,55
5009,55
5010,55
5011,55
5012,55
5013,55
5014,55
5015,55
5016,55
5017,55
5018,55
5019,55
5020,55
5021,55
5022,56
5023,56
5024,56
5025,56
5026,56
5027,56
5028,56
5029,56
5030,56
5031,56
5032,56
5033,56
5034,56
5035,56
5036,56
5037,56
5038,56
5039,56
5040,56
5041,56
5042,56
5043,56
5044,56
5045,56
5046,56
5047,56
5048,56
5049,56
5050,56
5051,56
5052,56
5053,56
5054,56
5055,56
5056,56
5057,56
5058,56
5059,56
5060,56
5061,56
5062,56
5063,56
5064,56
5065,56
5066,56
5067,56
5068,56
5069,56
5070,56
5071,56
5072,56
5073,56
5074,56
5075,56
5076,56
5077,56
5078,56
5079,56
5080,56
5081,56
5082,56
5083,56
5084,56
5085,56
5086,56
5087,56
5088,56
5089,56
5090,56
5091,56
5092,56
5093,56
5094,56
5095,56
5096,56
5097,56
5098,56
5099,56
5100,56
5101,56
5102,56
5103,56
5104,56
5105,56
5106,56
5107,56
5108,56
5109,56
5110,56
5111,56
5112,56
5113,56
5114,57
5115,57
5116,57
5117,57
5118,57
5119,57
5120,57
5121,57
5122,57
5123,57
5124,57
5125,57
5126,57
5127,57
5128,57
5129,57
5130,57
5131,57
5132,57
5133,57
5134,57
5135,57
5136,57
5137,57
5138,57
5139,57
5140,57
5141,57
5142,57
5143,57
5144,57
5145,57
5146,57
5147,57
5148,57
5149,57
5150,57
5151,57
5152,57
5153,57
5154,57
5155,57
5156,57
5157,57
5158,57
5159,57
5160,57
5161,57
5162,57
5163,57
5164,57
5165,57
5166,57
5167,57
5168,57
5169,57
5170,57
5171,57
5172,57
5173,57
5174,57
5175,57
5176,57
5177,57
5178,57
5179,57
5180,57
5181,57
5182,57
5183,57
5184,57
5185,57
5186,57
5187,57
5188,57
5189,57
5190,57
5191,57
5192,57
5193,57
5194,57
5195,57
5196,57
5197,57
5198,57
5199,57
5200,57
5201,57
5202,57
5203,57
5204,58
5205,58
5206,58
5207,58
5208,58
5209,58
5210,58
5211,58
5212,58
5213,58
5214,58
5215,58
5216,58
5217,58
5218,58
5219,58
5220,58
5221,58
5222,58
5223,58
5224,58
5225,58
5226,58
5227,58
5228,58
5229,58
5230,58
5231,58
5232,58
5233,58
5234,58
5235,58
5236,58
5237,58
5238,58
5239,58
5240,58
5241,58
5242,58
5243,58
5244,58
5245,58
5246,58
5247,58
5248,58
5249,58
5250,58
5251,58
5252,58
5253,58
5254,58
5255,58
5256,58
5257,58
5258,58
5259,58
5260,58
5261,58
5262,58
5263,58
5264,58
5265,58
5266,58
5267,58
5268,58
5269,58
5270,58
5271,58
5272,58
5273,58
5274,58
5275,58
5276,58
5277,58
5278,58
5279,58
5280,58
5281,58
5282,58
5283,58
5284,58
5285,58
5286,58
5287,58
5288,58
5289,58
5290,58
5291,58
5292,58
5293,58
5294,58
5295,59
5296,59
5297,59
5298,59
5299,59
5300,59
5301,59
5302,59
5303,59
5304,59
5305,59
5306,59
5307,59
5308,59
5309,59
5310,59
5311,59
5312,59
5313,59
5314,59
5315,59
5316,59
5317,59
5318,59
5319,59
5320,59
5321,59
5322,59
5323,59
5324,59
5325,59
5326,59
5327,59
5328,59
5329,59
5330,59
5331,59
5332,59
5333,59
5334,59
5335,59
5336,59
5337,59
5338,59
5339,59
5340,59
5341,59
5342,59
5343,59
5344,59
5345,59
5346,59
5347,59
5348,59
5349,59
5350,59
5351,59
5352,59
5353,59
5354,59
5355,59
5356,59
5357,59
5358,59
5359,59
5360,59
5361,59
5362,59
5363,59
5364,59
5365,59
5366,59
5367,59
5368,59
5369,59
5370,59
5371,59
5372,59
5373,59
5374,59
5375,59
5376,59
5377,59
5378,59
5379,59
5380,59
5381,59
5382,59
5383,59
5384,59
5385,59
5386,59
5387,60
5388,60
5389,60
5390,60
5391,60
5392,60
5393,60
5394,60
5395,60
5396,60
5397,60
5398,60
5399,60
5400,60
5401,60
5402,60
5403,60
5404,60
5405,60
5406,60
5407,60
5408,60
5409,60
5410,60
5411,60
5412,60
5413,60
5414,60
5415,60
5416,60
5417,60
5418,60
5419,60
5420,60
5421,60
5422,60
5423,60
5424,60
5425,60
5426,60
5427,60
5428,60
5429,60
5430,60
5431,60
5432,60
5433,60
5434,60
5435,60
5436,60
5437,60
5438,60
5439,60
5440,60
5441,60
5442,60
5443,60
5444,60
5445,60
5446,60
5447,60
5448,60
5449,60
5450,60
5451,60
5452,60
5453,60
5454,60
5455,60
5456,60
5457,60
5458,60
5459,60
5460,60
5461,60
5462,60
5463,60
5464,60
5465,60
5466,60
5467,60
5468,60
5469,60
5470,60
5471,60
5472,60
5473,60
5474,60
5475,60
5476,60
5477,60
5478,60
5479,61
5480,61
5481,61
5482,61
5483,61
5484,61
5485,61
5486,61
5487,61
5488,61
5489,61
5490,61
5491,61
5492,61
5493,61
5494,61
5495,61
5496,61
5497,61
5498,61
5499,61
5500,61
5501,61
5502,61
5503,61
5504,61
5505,61
5506,61
5507,61
5508,61
5509,61
5510,61
5511,61
5512,61
5513,61
5514,61
5515,61
5516,61
5517,61
5518,61
5519,61
5520,61
5521,61
5522,61
5523,61
5524,61
5525,61
5526,61
5527,61
5528,61
5529,61
5530,61
5531,61
5532,61
5533,61
5534,61
5535,61
5536,61
5537,61
5538,61
5539,61
5540,61
5541,61
5542,61
5543,61
5544,61
5545,61
5546,61
5547,61
5548,61
5549,61
5550,61
5551,61
5552,61
5553,61
5554,61
5555,61
5556,61
5557,61
5558,61
5559,61
5560,61
5561,61
5562,61
5563,61
5564,61
5565,61
5566,61
5567,61
5568,61
5569,61
5570,62
5571,62
5572,62
5573,62
5574,62
5575,62
5576,62
5577,62
5578,62
5579,62
5580,62
5581,62
5582,62
5583,62
5584,62
5585,62
5586,62
5587,62
5588,62
5589,62
5590,62
5591,62
5592,62
5593,62
5594,62
5595,62
5596,62
5597,62
5598,62
5599,62
5600,62
5601,62
5602,62
5603,62
5604,62
5605,62
5606,62
5607,62
5608,62
5609,62
5610,62
5611,62
5612,62
5613,62
5614,62
5615,62
5616,62
5617,62
5618,62
5619,62
5620,62
5621,62
5622,62
5623,62
5624,62
5625,62
5626,62
5627,62
5628,62
5629,62
5630,62
5631,62
5632,62
5633,62
5634,62
5635,62
5636,62
5637,62
5638,62
5639,62
5640,62
5641,62
5642,62
5643,62
5644,62
5645,62
5646,62
5647,62
5648,62
5649,62
5650,62
5651,62
5652,62
5653,62
5654,62
5655,62
5656,62
5657,62
5658,62
5659,62
5660,62
5661,63
5662,63
5663,63
5664,63
5665,63
5666,63
5667,63
5668,63
5669,63
5670,63
5671,63
5672,63
5673,63
5674,63
5675,63
5676,63
5677,63
5678,63
5679,63
5680,63
5681,63
5682,63
5683,63
5684,63
5685,63
5686,63
5687,63
5688,63
5689,63
5690,63
5691,63
5692,63
5693,63
5694,63
5695,63
5696,63
5697,63
5698,63
5699,63
5700,63
5701,63
5702,63
5703,63
5704,63
5705,63
5706,63
5707,63
5708,63
5709,63
5710,63
5711,63
5712,63
5713,63
5714,63
5715,63
5716,63
5717,63
5718,63
5719,63
5720,63
5721,63
5722,63
5723,63
5724,63
5725,63
5726,63
5727,63
5728,63
5729,63
5730,63
5731,63
5732,63
5733,63
5734,63
5735,63
5736,63
5737,63
5738,63
5739,63
5740,63
5741,63
5742,63
5743,63
5744,63
5745,63
5746,63
5747,63
5748,63
5749,63
5750,63
5751,63
5752,63
5753,64
5754,64
5755,64
5756,64
5757,64
5758,64
5759,64
5760,64
5761,64
5762,64
5763,64
5764,64
5765,64
5766,64
5767,64
5768,64
5769,64
5770,64
5771,64
5772,64
5773,64
5774,64
5775,64
5776,64
5777,64
5778,64
5779,64
5780,64
5781,64
5782,64
5783,64
5784,64
5785,64
5786,64
5787,64
5788,64
5789,64
5790,64
5791,64
5792,64
5793,64
5794,64
5795,64
5796,64
5797,64
5798,64
5799,64
5800,64
5801,64
5802,64
5803,64
5804,64
5805,64
5806,64
5807,64
5808,64
5809,64
5810,64
5811,64
5812,64
5813,64
5814,64
5815,64
5816,64
5817,64
5818,64
5819,64
5820,64
5821,64
5822,64
5823,64
5824,64
5825,64
5826,64
5827,64
5828,64
5829,64
5830,64
5831,64
5832,64
5833,64
5834,64
5835,64
5836,64
5837,64
5838,64
5839,64
5840,64
5841,64
5842,64
5843,64
5844,64
5845,65
5846,65
5847,65
5848,65
5849,65
5850,65
5851,65
5852,65
5853,65
5854,65
5855,65
5856,65
5857,65
5858,65
5859,65
5860,65
5861,65
5862,65
5863,65
5864,65
5865,65
5866,65
5867,65
5868,65
5869,65
5870,65
5871,65
5872,65
5873,65
5874,65
5875,65
5876,65
5877,65
5878,65
5879,65
5880,65
5881,65
5882,65
5883,65
5884,65
5885,65
5886,65
5887,65
5888,65
5889,65
5890,65
5891,65
5892,65
5893,65
5894,65
5895,65
5896,65
5897,65
5898,65
5899,65
5900,65
5901,65
5902,65
5903,65
5904,65
5905,65
5906,65
5907,65
5908,65
5909,65
5910,65
5911,65
5912,65
5913,65
5914,65
5915,65
5916,65
5917,65
5918,65
5919,65
5920,65
5921,65
5922,65
5923,65
5924,65
5925,65
5926,65
5927,65
5928,65
5929,65
5930,65
5931,65
5932,65
5933,65
5934,65
5935,66
5936,66
5937,66
5938,66
5939,66
5940,66
5941,66
5942,66
5943,66
5944,66
5945,66
5946,66
5947,66
5948,66
5949,66
5950,66
5951,66
5952,66
5953,66
5954,66
5955,66
5956,66
5957,66
5958,66
5959,66
5960,66
5961,66
5962,66
5963,66
5964,66
5965,66
5966,66
5967,66
5968,66
5969,66
5970,66
5971,66
5972,66
5973,66
5974,66
5975,66
5976,66
5977,66
5978,66
5979,66
5980,66
5981,66
5982,66
5983,66
5984,66
5985,66
5986,66
5987,66
5988,66
5989,66
5990,66
5991,66
5992,66
5993,66
5994,66
5995,66
5996,66
5997,66
5998,66
5999,66
6000,66
6001,66
6002,66
6003,66
6004,66
6005,66
6006,66
6007,66
6008,66
6009,66
6010,66
6011,66
6012,66
6013,66
6014,66
6015,66
6016,66
6017,66
6018,66
6019,66
6020,66
6021,66
6022,66
6023,66
6024,66
6025,66
6026,67
6027,67
6028,67
6029,67
6030,67
6031,67
6032,67
6033,67
6034,67
6035,67
6036,67
6037,67
6038,67
6039,67
6040,67
6041,67
6042,67
6043,67
6044,67
6045,67
6046,67
6047,67
6048,67
6049,67
6050,67
6051,67
6052,67
6053,67
6054,67
6055,67
6056,67
6057,67
6058,67
6059,67
6060,67
6061,67
6062,67
6063,67
6064,67
6065,67
6066,67
6067,67
6068,67
6069,67
6070,67
6071,67
6072,67
6073,67
6074,67
6075,67
6076,67
6077,67
6078,67
6079,67
6080,67
6081,67
6082,67
6083,67
6084,67
6085,67
6086,67
6087,67
6088,67
6089,67
6090,67
6091,67
6092,67
6093,67
6094,67
6095,67
6096,67
6097,67
6098,67
6099,67
6100,67
6101,67
6102,67
6103,67
6104,67
6105,67
6106,67
6107,67
6108,67
6109,67
6110,67
6111,67
6112,67
6113,67
6114,67
6115,67
6116,67
6117,67
6118,68
6119,68
6120,68
6121,68
6122,68
6123,68
6124,68
6125,68
6126,68
6127,68
6128,68
6129,68
6130,68
6131,68
6132,68
6133,68
6134,68
6135,68
6136,68
6137,68
6138,68
6139,68
6140,68
6141,68
6142,68
6143,68
6144,68
6145,68
6146,68
6147,68
6148,68
6149,68
6150,68
6151,68
6152,68
6153,68
6154,68
6155,68
6156,68
6157,68
6158,68
6159,68
6160,68
6161,68
6162,68
6163,68
6164,68
6165,68
6166,68
6167,68
6168,68
6169,68
6170,68
6171,68
6172,68
6173,68
6174,68
6175,68
6176,68
6177,68
6178,68
6179,68
6180,68
6181,68
6182,68
6183,68
6184,68
6185,68
6186,68
6187,68
6188,68
6189,68
6190,68
6191,68
6192,68
6193,68
6194,68
6195,68
6196,68
6197,68
6198,68
6199,68
6200,68
6201,68
6202,68
6203,68
6204,68
6205,68
6206,68
6207,68
6208,68
6209,68
6210,69
6211,69
6212,69
6213,69
6214,69
6215,69
6216,69
6217,69
6218,69
6219,69
6220,69
6221,69
6222,69
6223,69
6224,69
6225,69
6226,69
6227,69
6228,69
6229,69
6230,69
6231,69
6232,69
6233,69
6234,69
6235,69
6236,69
6237,69
6238,69
6239,69
6240,69
6241,69
6242,69
6243,69
6244,69
6245,69
6246,69
6247,69
6248,69
6249,69
6250,69
6251,69
6252,69
6253,69
6254,69
6255,69
6256,69
6257,69
6258,69
6259,69
6260,69
6261,69
6262,69
6263,69
6264,69
6265,69
6266,69
6267,69
6268,69
6269,69
6270,69
6271,69
6272,69
6273,69
6274,69
6275,69
6276,69
6277,69
6278,69
6279,69
6280,69
6281,69
6282,69
6283,69
6284,69
6285,69
6286,69
6287,69
6288,69
6289,69
6290,69
6291,69
6292,69
6293,69
6294,69
6295,69
6296,69
6297,69
6298,69
6299,69
6300,70
6301,70
6302,70
6303,70
6304,70
6305,70
6306,70
6307,70
6308,70
6309,70
6310,70
6311,70
6312,70
6313,70
6314,70
6315,70
6316,70
6317,70
6318,70
6319,70
6320,70
6321,70
6322,70
6323,70
6324,70
6325,70
6326,70
6327,70
6328,70
6329,70
6330,70
6331,70
6332,70
6333,70
6334,70
6335,70
6336,70
6337,70
6338,70
6339,70
6340,70
6341,70
6342,70
6343,70
6344,70
6345,70
6346,70
6347,70
6348,70
6349,70
6350,70
6351,70
6352,70
6353,70
6354,70
6355,70
6356,70
6357,70
6358,70
6359,70
6360,70
6361,70
6362,70
6363,70
6364,70
6365,70
6366,70
6367,70
6368,70
6369,70
6370,70
6371,70
6372,70
6373,70
6374,70
6375,70
6376,70
6377,70
6378,70
6379,70
6380,70
6381,70
6382,70
6383,70
6384,70
6385,70
6386,70
6387,70
6388,70
6389,70
6390,70
6391,71
6392,71
6393,71
6394,71
6395,71
6396,71
6397,71
6398,71
6399,71
6400,71
6401,71
6402,71
6403,71
6404,71
6405,71
6406,71
6407,71
6408,71
6409,71
6410,71
6411,71
6412,71
6413,71
6414,71
6415,71
6416,71
6417,71
6418,71
6419,71
6420,71
6421,71
6422,71
6423,71
6424,71
6425,71
6426,71
6427,71
6428,71
6429,71
6430,71
6431,71
6432,71
6433,71
6434,71
6435,71
6436,71
6437,71
6438,71
6439,71
6440,71
6441,71
6442,71
6443,71
6444,71
6445,71
6446,71
6447,71
6448,71
6449,71
6450,71
6451,71
6452,71
6453,71
6454,71
6455,71
6456,71
6457,71
6458,71
6459,71
6460,71
6461,71
6462,71
6463,71
6464,71
6465,71
6466,71
6467,71
6468,71
6469,71
6470,71
6471,71
6472,71
6473,71
6474,71
6475,71
6476,71
6477,71
6478,71
6479,71
6480,71
6481,71
6482,71
6483,72
6484,72
6485,72
6486,72
6487,72
6488,72
6489,72
6490,72
6491,72
6492,72
6493,72
6494,72
6495,72
6496,72
6497,72
6498,72
6499,72
6500,72
6501,72
6502,72
6503,72
6504,72
6505,72
6506,72
6507,72
6508,72
6509,72
6510,72
6511,72
6512,72
6513,72
6514,72
6515,72
6516,72
6517,72
6518,72
6519,72
6520,72
6521,72
6522,72
6523,72
6524,72
6525,72
6526,72
6527,72
6528,72
6529,72
6530,72
6531,72
6532,72
6533,72
6534,72
6535,72
6536,72
6537,72
6538,72
6539,72
6540,72
6541,72
6542,72
6543,72
6544,72
6545,72
6546,72
6547,72
6548,72
6549,72
6550,72
6551,72
6552,72
6553,72
6554,72
6555,72
6556,72
6557,72
6558,72
6559,72
6560,72
6561,72
6562,72
6563,72
6564,72
6565,72
6566,72
6567,72
6568,72
6569,72
6570,72
6571,72
6572,72
6573,72
6574,72
6575,73
6576,73
6577,73
6578,73
6579,73
6580,73
6581,73
6582,73
6583,73
6584,73
6585,73
6586,73
6587,73
6588,73
6589,73
6590,73
6591,73
6592,73
6593,73
6594,73
6595,73
6596,73
6597,73
6598,73
6599,73
6600,73
6601,73
6602,73
6603,73
6604,73
6605,73
6606,73
6607,73
6608,73
6609,73
6610,73
6611,73
6612,73
6613,73
6614,73
6615,73
6616,73
6617,73
6618,73
6619,73
6620,73
6621,73
6622,73
6623,73
6624,73
6625,73
6626,73
6627,73
6628,73
6629,73
6630,73
6631,73
6632,73
6633,73
6634,73
6635,73
6636,73
6637,73
6638,73
6639,73
6640,73
6641,73
6642,73
6643,73
6644,73
6645,73
6646,73
6647,73
6648,73
6649,73
6650,73
6651,73
6652,73
6653,73
6654,73
6655,73
6656,73
6657,73
6658,73
6659,73
6660,73
6661,73
6662,73
6663,73
6664,73
6665,74
6666,74
6667,74
6668,74
6669,74
6670,74
6671,74
6672,74
6673,74
6674,74
6675,74
6676,74
6677,74
6678,74
6679,74
6680,74
6681,74
6682,74
6683,74
6684,74
6685,74
6686,74
6687,74
6688,74
6689,74
6690,74
6691,74
6692,74
6693,74
6694,74
6695,74
6696,74
6697,74
6698,74
6699,74
6700,74
6701,74
6702,74
6703,74
6704,74
6705,74
6706,74
6707,74
6708,74
6709,74
6710,74
6711,74
6712,74
6713,74
6714,74
6715,74
6716,74
6717,74
6718,74
6719,74
6720,74
6721,74
6722,74
6723,74
6724,74
6725,74
6726,74
6727,74
6728,74
6729,74
6730,74
6731,74
6732,74
6733,74
6734,74
6735,74
6736,74
6737,74
6738,74
6739,74
6740,74
6741,74
6742,74
6743,74
6744,74
6745,74
6746,74
6747,74
6748,74
6749,74
6750,74
6751,74
6752,74
6753,74
6754,74
6755,74
6756,75
6757,75
6758,75
6759,75
6760,75
6761,75
6762,75
6763,75
6764,75
6765,75
6766,75
6767,75
6768,75
6769,75
6770,75
6771,75
6772,75
6773,75
6774,75
6775,75
6776,75
6777,75
6778,75
6779,75
6780,75
6781,75
6782,75
6783,75
6784,75
6785,75
6786,75
6787,75
6788,75
6789,75
6790,75
6791,75
6792,75
6793,75
6794,75
6795,75
6796,75
6797,75
6798,75
6799,75
6800,75
6801,75
6802,75
6803,75
6804,75
6805,75
6806,75
6807,75
6808,75
6809,75
6810,75
6811,75
6812,75
6813,75
6814,75
6815,75
6816,75
6817,75
6818,75
6819,75
6820,75
6821,75
6822,75
6823,75
6824,75
6825,75
6826,75
6827,75
6828,75
6829,75
6830,75
6831,75
6832,75
6833,75
6834,75
6835,75
6836,75
6837,75
6838,75
6839,75
6840,75
6841,75
6842,75
6843,75
6844,75
6845,75
6846,75
6847,75
6848,76
6849,76
6850,76
6851,76
6852,76
6853,76
6854,76
6855,76
6856,76
6857,76
6858,76
6859,76
6860,76
6861,76
6862,76
6863,76
6864,76
6865,76
6866,76
6867,76
6868,76
6869,76
6870,76
6871,76
6872,76
6873,76
6874,76
6875,76
6876,76
6877,76
6878,76
6879,76
6880,76
6881,76
6882,76
6883,76
6884,76
6885,76
6886,76
6887,76
6888,76
6889,76
6890,76
6891,76
6892,76
6893,76
6894,76
6895,76
6896,76
6897,76
6898,76
6899,76
6900,76
6901,76
6902,76
6903,76
6904,76
6905,76
6906,76
6907,76
6908,76
6909,76
6910,76
6911,76
6912,76
6913,76
6914,76
6915,76
6916,76
6917,76
6918,76
6919,76
6920,76
6921,76
6922,76
6923,76
6924,76
6925,76
6926,76
6927,76
6928,76
6929,76
6930,76
6931,76
6932,76
6933,76
6934,76
6935,76
6936,76
6937,76
6938,76
6939,76
6940,77
6941,77
6942,77
6943,77
6944,77
6945,77
6946,77
6947,77
6948,77
6949,77
6950,77
6951,77
6952,77
6953,77
6954,77
6955,77
6956,77
6957,77
6958,77
6959,77
6960,77
6961,77
6962,77
6963,77
6964,77
6965,77
6966,77
6967,77
6968,77
6969,77
6970,77
6971,77
6972,77
6973,77
6974,77
6975,77
6976,77
6977,77
6978,77
6979,77
6980,77
6981,77
6982,77
6983,77
6984,77
6985,77
6986,77
6987,77
6988,77
6989,77
6990,77
6991,77
6992,77
6993,77
6994,77
6995,77
6996,77
6997,77
6998,77
6999,77
7000,77
7001,77
7002,77
7003,77
7004,77
7005,77
7006,77
7007,77
7008,77
7009,77
7010,77
7011,77
7012,77
7013,77
7014,77
7015,77
7016,77
7017,77
7018,77
7019,77
7020,77
7021,77
7022,77
7023,77
7024,77
7025,77
7026,77
7027,77
7028,77
7029,77
7030,77
7031,78
7032,78
7033,78
7034,78
7035,78
7036,78
7037,78
7038,78
7039,78
7040,78
7041,78
7042,78
7043,78
7044,78
7045,78
7046,78
7047,78
7048,78
7049,78
7050,78
7051,78
7052,78
7053,78
7054,78
7055,78
7056,78
7057,78
7058,78
7059,78
7060,78
7061,78
7062,78
7063,78
7064,78
7065,78
7066,78
7067,78
7068,78
7069,78
7070,78
7071,78
7072,78
7073,78
7074,78
7075,78
7076,78
7077,78
7078,78
7079,78
7080,78
7081,78
7082,78
7083,78
7084,78
7085,78
7086,78
7087,78
7088,78
7089,78
7090,78
7091,78
7092,78
7093,78
7094,78
7095,78
7096,78
7097,78
7098,78
7099,78
7100,78
7101,78
7102,78
7103,78
7104,78
7105,78
7106,78
7107,78
7108,78
7109,78
7110,78
7111,78
7112,78
7113,78
7114,78
7115,78
7116,78
7117,78
7118,78
7119,78
7120,78
7121,78
7122,79
7123,79
7124,79
7125,79
7126,79
7127,79
7128,79
7129,79
7130,79
7131,79
7132,79
7133,79
7134,79
7135,79
7136,79
7137,79
7138,79
7139,79
7140,79
7141,79
7142,79
7143,79
7144,79
7145,79
7146,79
7147,79
7148,79
7149,79
7150,79
7151,79
7152,79
7153,79
7154,79
7155,79
7156,79
7157,79
7158,79
7159,79
7160,79
7161,79
7162,79
7163,79
7164,79
7165,79
7166,79
7167,79
7168,79
7169,79
7170,79
7171,79
7172,79
7173,79
7174,79
7175,79
7176,79
7177,79
7178,79
7179,79
7180,79
7181,79
7182,79
7183,79
7184,79
7185,79
7186,79
7187,79
7188,79
7189,79
7190,79
7191,79
7192,79
7193,79
7194,79
7195,79
7196,79
7197,79
7198,79
7199,79
7200,79
7201,79
7202,79
7203,79
7204,79
7205,79
7206,79
7207,79
7208,79
7209,79
7210,79
7211,79
7212,79
7213,79
7214,80
7215,80
7216,80
7217,80
7218,80
7219,80
7220,80
7221,80
7222,80
7223,80
7224,80
7225,80
7226,80
7227,80
7228,80
7229,80
7230,80
7231,80
7232,80
7233,80
7234,80
7235,80
7236,80
7237,80
7238,80
7239,80
7240,80
7241,80
7242,80
7243,80
7244,80
7245,80
7246,80
7247,80
7248,80
7249,80
7250,80
7251,80
7252,80
7253,80
7254,80
7255,80
7256,80
7257,80
7258,80
7259,80
7260,80
7261,80
7262,80
7263,80
7264,80
7265,80
7266,80
7267,80
7268,80
7269,80
7270,80
7271,80
7272,80
7273,80
7274,80
7275,80
7276,80
7277,80
7278,80
7279,80
7280,80
7281,80
7282,80
7283,80
7284,80
7285,80
7286,80
7287,80
7288,80
7289,80
7290,80
7291,80
7292,80
7293,80
7294,80
7295,80
7296,80
7297,80
7298,80
7299,80
7300,80
7301,80
7302,80
7303,80
7304,80
7305,80
7306,81
7307,81
7308,81
7309,81
7310,81
7311,81
7312,81
7313,81
7314,81
7315,81
7316,81
7317,81
7318,81
7319,81
7320,81
7321,81
7322,81
7323,81
7324,81
7325,81
7326,81
7327,81
7328,81
7329,81
7330,81
7331,81
7332,81
7333,81
7334,81
7335,81
7336,81
7337,81
7338,81
7339,81
7340,81
7341,81
7342,81
7343,81
7344,81
7345,81
7346,81
7347,81
7348,81
7349,81
7350,81
7351,81
7352,81
7353,81
7354,81
7355,81
7356,81
7357,81
7358,81
7359,81
7360,81
7361,81
7362,81
7363,81
7364,81
7365,81
7366,81
7367,81
7368,81
7369,81
7370,81
7371,81
7372,81
7373,81
7374,81
7375,81
7376,81
7377,81
7378,81
7379,81
7380,81
7381,81
7382,81
7383,81
7384,81
7385,81
7386,81
7387,81
7388,81
7389,81
7390,81
7391,81
7392,81
7393,81
7394,81
7395,81
7396,82
7397,82
7398,82
7399,82
7400,82
7401,82
7402,82
7403,82
7404,82
7405,82
7406,82
7407,82
7408,82
7409,82
7410,82
7411,82
7412,82
7413,82
7414,82
7415,82
7416,82
7417,82
7418,82
7419,82
7420,82
7421,82
7422,82
7423,82
7424,82
7425,82
7426,82
7427,82
7428,82
7429,82
7430,82
7431,82
7432,82
7433,82
7434,82
7435,82
7436,82
7437,82
7438,82
7439,82
7440,82
7441,82
7442,82
7443,82
7444,82
7445,82
7446,82
7447,82
7448,82
7449,82
7450,82
7451,82
7452,82
7453,82
7454,82
7455,82
7456,82
7457,82
7458,82
7459,82
7460,82
7461,82
7462,82
7463,82
7464,82
7465,82
7466,82
7467,82
7468,82
7469,82
7470,82
7471,82
7472,82
7473,82
7474,82
7475,82
7476,82
7477,82
7478,82
7479,82
7480,82
7481,82
7482,82
7483,82
7484,82
7485,82
7486,82
7487,83
7488,83
7489,83
7490,83
7491,83
7492,83
7493,83
7494,83
7495,83
7496,83
7497,83
7498,83
7499,83
7500,83
7501,83
7502,83
7503,83
7504,83
7505,83
7506,83
7507,83
7508,83
7509,83
7510,83
7511,83
7512,83
7513,83
7514,83
7515,83
7516,83
7517,83
7518,83
7519,83
7520,83
7521,83
7522,83
7523,83
7524,83
7525,83
7526,83
7527,83
7528,83
7529,83
7530,83
7531,83
7532,83
7533,83
7534,83
7535,83
7536,83
7537,83
7538,83
7539,83
7540,83
7541,83
7542,83
7543,83
7544,83
7545,83
7546,83
7547,83
7548,83
7549,83
7550,83
7551,83
7552,83
7553,83
7554,83
7555,83
7556,83
7557,83
7558,83
7559,83
7560,83
7561,83
7562,83
7563,83
7564,83
7565,83
7566,83
7567,83
7568,83
7569,83
7570,83
7571,83
7572,83
7573,83
7574,83
7575,83
7576,83
7577,83
7578,83
7579,84
7580,84
7581,84
7582,84
7583,84
7584,84
7585,84
7586,84
7587,84
7588,84
7589,84
7590,84
7591,84
7592,84
7593,84
7594,84
7595,84
7596,84
7597,84
7598,84
7599,84
7600,84
7601,84
7602,84
7603,84
7604,84
7605,84
7606,84
7607,84
7608,84
7609,84
7610,84
7611,84
7612,84
7613,84
7614,84
7615,84
7616,84
7617,84
7618,84
7619,84
7620,84
7621,84
7622,84
7623,84
7624,84
7625,84
7626,84
7627,84
7628,84
7629,84
7630,84
7631,84
7632,84
7633,84
7634,84
7635,84
7636,84
7637,84
7638,84
7639,84
7640,84
7641,84
7642,84
7643,84
7644,84
7645,84
7646,84
7647,84
7648,84
7649,84
7650,84
7651,84
7652,84
7653,84
7654,84
7655,84
7656,84
7657,84
7658,84
7659,84
7660,84
7661,84
7662,84
7663,84
7664,84
7665,84
7666,84
7667,84
7668,84
7669,84
7670,84
7671,85
7672,85
7673,85
7674,85
7675,85
7676,85
7677,85
7678,85
7679,85
7680,85
7681,85
7682,85
7683,85
7684,85
7685,85
7686,85
7687,85
7688,85
7689,85
7690,85
7691,85
7692,85
7693,85
7694,85
7695,85
7696,85
7697,85
7698,85
7699,85
7700,85
7701,85
7702,85
7703,85
7704,85
7705,85
7706,85
7707,85
7708,85
7709,85
7710,85
7711,85
7712,85
7713,85
7714,85
7715,85
7716,85
7717,85
7718,85
7719,85
7720,85
7721,85
7722,85
7723,85
7724,85
7725,85
7726,85
7727,85
7728,85
7729,85
7730,85
7731,85
7732,85
7733,85
7734,85
7735,85
7736,85
7737,85
7738,85
7739,85
7740,85
7741,85
7742,85
7743,85
7744,85
7745,85
7746,85
7747,85
7748,85
7749,85
7750,85
7751,85
7752,85
7753,85
7754,85
7755,85
7756,85
7757,85
7758,85
7759,85
7760,85
7761,86
7762,86
7763,86
7764,86
7765,86
7766,86
7767,86
7768,86
7769,86
7770,86
7771,86
7772,86
7773,86
7774,86
7775,86
7776,86
7777,86
7778,86
7779,86
7780,86
7781,86
7782,86
7783,86
7784,86
7785,86
7786,86
7787,86
7788,86
7789,86
7790,86
7791,86
7792,86
7793,86
7794,86
7795,86
7796,86
7797,86
7798,86
7799,86
7800,86
7801,86
7802,86
7803,86
7804,86
7805,86
7806,86
7807,86
7808,86
7809,86
7810,86
7811,86
7812,86
7813,86
7814,86
7815,86
7816,86
7817,86
7818,86
7819,86
7820,86
7821,86
7822,86
7823,86
7824,86
7825,86
7826,86
7827,86
7828,86
7829,86
7830,86
7831,86
7832,86
7833,86
7834,86
7835,86
7836,86
7837,86
7838,86
7839,86
7840,86
7841,86
7842,86
7843,86
7844,86
7845,86
7846,86
7847,86
7848,86
7849,86
7850,86
7851,86
7852,87
7853,87
7854,87
7855,87
7856,87
7857,87
7858,87
7859,87
7860,87
7861,87
7862,87
7863,87
7864,87
7865,87
7866,87
7867,87
7868,87
7869,87
7870,87
7871,87
7872,87
7873,87
7874,87
7875,87
7876,87
7877,87
7878,87
7879,87
7880,87
7881,87
7882,87
7883,87
7884,87
7885,87
7886,87
7887,87
7888,87
7889,87
7890,87
7891,87
7892,87
7893,87
7894,87
7895,87
7896,87
7897,87
7898,87
7899,87
7900,87
7901,87
7902,87
7903,87
7904,87
7905,87
7906,87
7907,87
7908,87
7909,87
7910,87
7911,87
7912,87
7913,87
7914,87
7915,87
7916,87
7917,87
7918,87
7919,87
7920,87
7921,87
7922,87
7923,87
7924,87
7925,87
7926,87
7927,87
7928,87
7929,87
7930,87
7931,87
7932,87
7933,87
7934,87
7935,87
7936,87
7937,87
7938,87
7939,87
7940,87
7941,87
7942,87
7943,87
7944,88
7945,88
7946,88
7947,88
7948,88
7949,88
7950,88
7951,88
7952,88
7953,88
7954,88
7955,88
7956,88
7957,88
7958,88
7959,88
7960,88
7961,88
7962,88
7963,88
7964,88
7965,88
7966,88
7967,88
7968,88
7969,88
7970,88
7971,88
7972,88
7973,88
7974,88
7975,88
7976,88
7977,88
7978,88
7979,88
7980,88
7981,88
7982,88
7983,88
7984,88
7985,88
7986,88
7987,88
7988,88
7989,88
7990,88
7991,88
7992,88
7993,88
7994,88
7995,88
7996,88
7997,88
7998,88
7999,88
8000,88
8001,88
8002,88
8003,88
8004,88
8005,88
8006,88
8007,88
8008,88
8009,88
8010,88
8011,88
8012,88
8013,88
8014,88
8015,88
8016,88
8017,88
8018,88
8019,88
8020,88
8021,88
8022,88
8023,88
8024,88
8025,88
8026,88
8027,88
8028,88
8029,88
8030,88
8031,88
8032,88
8033,88
8034,88
8035,88
8036,89
8037,89
8038,89
8039,89
8040,89
8041,89
8042,89
8043,89
8044,89
8045,89
8046,89
8047,89
8048,89
8049,89
8050,89
8051,89
8052,89
8053,89
8054,89
8055,89
8056,89
8057,89
8058,89
8059,89
8060,89
8061,89
8062,89
8063,89
8064,89
8065,89
8066,89
8067,89
8068,89
8069,89
8070,89
8071,89
8072,89
8073,89
8074,89
8075,89
8076,89
8077,89
8078,89
8079,89
8080,89
8081,89
8082,89
8083,89
8084,89
8085,89
8086,89
8087,89
8088,89
8089,89
8090,89
8091,89
8092,89
8093,89
8094,89
8095,89
8096,89
8097,89
8098,89
8099,89
8100,89
8101,89
8102,89
8103,89
8104,89
8105,89
8106,89
8107,89
8108,89
8109,89
8110,89
8111,89
8112,89
8113,89
8114,89
8115,89
8116,89
8117,89
8118,89
8119,89
8120,89
8121,89
8122,89
8123,89
8124,89
8125,89
8126,90
8127,90
8128,90
8129,90
8130,90
8131,90
8132,90
8133,90
8134,90
8135,90
8136,90
8137,90
8138,90
8139,90
8140,90
8141,90
8142,90
8143,90
8144,90
8145,90
8146,90
8147,90
8148,90
8149,90
8150,90
8151,90
8152,90
8153,90
8154,90
8155,90
8156,90
8157,90
8158,90
8159,90
8160,90
8161,90
8162,90
8163,90
8164,90
8165,90
8166,90
8167,90
8168,90
8169,90
8170,90
8171,90
8172,90
8173,90
8174,90
8175,90
8176,90
8177,90
8178,90
8179,90
8180,90
8181,90
8182,90
8183,90
8184,90
8185,90
8186,90
8187,90
8188,90
8189,90
8190,90
8191,90
8192,90
8193,90
8194,90
8195,90
8196,90
8197,90
8198,90
8199,90
8200,90
8201,90
8202,90
8203,90
8204,90
8205,90
8206,90
8207,90
8208,90
8209,90
8210,90
8211,90
8212,90
8213,90
8214,90
8215,90
8216,90
8217,91
8218,91
8219,91
8220,91
8221,91
8222,91
8223,91
8224,91
8225,91
8226,91
8227,91
8228,91
8229,91
8230,91
8231,91
8232,91
8233,91
8234,91
8235,91
8236,91
8237,91
8238,91
8239,91
8240,91
8241,91
8242,91
8243,91
8244,91
8245,91
8246,91
8247,91
8248,91
8249,91
8250,91
8251,91
8252,91
8253,91
8254,91
8255,91
8256,91
8257,91
8258,91
8259,91
8260,91
8261,91
8262,91
8263,91
8264,91
8265,91
8266,91
8267,91
8268,91
8269,91
8270,91
8271,91
8272,91
8273,91
8274,91
8275,91
8276,91
8277,91
8278,91
8279,91
8280,91
8281,91
8282,91
8283,91
8284,91
8285,91
8286,91
8287,91
8288,91
8289,91
8290,91
8291,91
8292,91
8293,91
8294,91
8295,91
8296,91
8297,91
8298,91
8299,91
8300,91
8301,91
8302,91
8303,91
8304,91
8305,91
8306,91
8307,91
8308,91
8309,92
8310,92
8311,92
8312,92
8313,92
8314,92
8315,92
8316,92
8317,92
8318,92
8319,92
8320,92
8321,92
8322,92
8323,92
8324,92
8325,92
8326,92
8327,92
8328,92
8329,92
8330,92
8331,92
8332,92
8333,92
8334,92
8335,92
8336,92
8337,92
8338,92
8339,92
8340,92
8341,92
8342,92
8343,92
8344,92
8345,92
8346,92
8347,92
8348,92
8349,92
8350,92
8351,92
8352,92
8353,92
8354,92
8355,92
8356,92
8357,92
8358,92
8359,92
8360,92
8361,92
8362,92
8363,92
8364,92
8365,92
8366,92
8367,92
8368,92
8369,92
8370,92
8371,92
8372,92
8373,92
8374,92
8375,92
8376,92
8377,92
8378,92
8379,92
8380,92
8381,92
8382,92
8383,92
8384,92
8385,92
8386,92
8387,92
8388,92
8389,92
8390,92
8391,92
8392,92
8393,92
8394,92
8395,92
8396,92
8397,92
8398,92
8399,92
8400,92
8401,93
8402,93
8403,93
8404,93
8405,93
8406,93
8407,93
8408,93
8409,93
8410,93
8411,93
8412,93
8413,93
8414,93
8415,93
8416,93
8417,93
8418,93
8419,93
8420,93
8421,93
8422,93
8423,93
8424,93
8425,93
8426,93
8427,93
8428,93
8429,93
8430,93
8431,93
8432,93
8433,93
8434,93
8435,93
8436,93
8437,93
8438,93
8439,93
8440,93
8441,93
8442,93
8443,93
8444,93
8445,93
8446,93
8447,93
8448,93
8449,93
8450,93
8451,93
8452,93
8453,93
8454,93
8455,93
8456,93
8457,93
8458,93
8459,93
8460,93
8461,93
8462,93
8463,93
8464,93
8465,93
8466,93
8467,93
8468,93
8469,93
8470,93
8471,93
8472,93
8473,93
8474,93
8475,93
8476,93
8477,93
8478,93
8479,93
8480,93
8481,93
8482,93
8483,93
8484,93
8485,93
8486,93
8487,93
8488,93
8489,93
8490,93
8491,93
8492,94
8493,94
8494,94
8495,94
8496,94
8497,94
8498,94
8499,94
8500,94
8501,94
8502,94
8503,94
8504,94
8505,94
8506,94
8507,94
8508,94
8509,94
8510,94
8511,94
8512,94
8513,94
8514,94
8515,94
8516,94
8517,94
8518,94
8519,94
8520,94
8521,94
8522,94
8523,94
8524,94
8525,94
8526,94
8527,94
8528,94
8529,94
8530,94
8531,94
8532,94
8533,94
8534,94
8535,94
8536,94
8537,94
8538,94
8539,94
8540,94
8541,94
8542,94
8543,94
8544,94
8545,94
8546,94
8547,94
8548,94
8549,94
8550,94
8551,94
8552,94
8553,94
8554,94
8555,94
8556,94
8557,94
8558,94
8559,94
8560,94
8561,94
8562,94
8563,94
8564,94
8565,94
8566,94
8567,94
8568,94
8569,94
8570,94
8571,94
8572,94
8573,94
8574,94
8575,94
8576,94
8577,94
8578,94
8579,94
8580,94
8581,94
8582,94
8583,95
8584,95
8585,95
8586,95
8587,95
8588,95
8589,95
8590,95
8591,95
8592,95
8593,95
8594,95
8595,95
8596,95
8597,95
8598,95
8599,95
8600,95
8601,95
8602,95
8603,95
8604,95
8605,95
8606,95
8607,95
8608,95
8609,95
8610,95
8611,95
8612,95
8613,95
8614,95
8615,95
8616,95
8617,95
8618,95
8619,95
8620,95
8621,95
8622,95
8623,95
8624,95
8625,95
8626,95
8627,95
8628,95
8629,95
8630,95
8631,95
8632,95
8633,95
8634,95
8635,95
8636,95
8637,95
8638,95
8639,95
8640,95
8641,95
8642,95
8643,95
8644,95
8645,95
8646,95
8647,95
8648,95
8649,95
8650,95
8651,95
8652,95
8653,95
8654,95
8655,95
8656,95
8657,95
8658,95
8659,95
8660,95
8661,95
8662,95
8663,95
8664,95
8665,95
8666,95
8667,95
8668,95
8669,95
8670,95
8671,95
8672,95
8673,95
8674,95
8675,96
8676,96
8677,96
8678,96
8679,96
8680,96
8681,96
8682,96
8683,96
8684,96
8685,96
8686,96
8687,96
8688,96
8689,96
8690,96
8691,96
8692,96
8693,96
8694,96
8695,96
8696,96
8697,96
8698,96
8699,96
8700,96
8701,96
8702,96
8703,96
8704,96
8705,96
8706,96
8707,96
8708,96
8709,96
8710,96
8711,96
8712,96
8713,96
8714,96
8715,96
8716,96
8717,96
8718,96
8719,96
8720,96
8721,96
8722,96
8723,96
8724,96
8725,96
8726,96
8727,96
8728,96
8729,96
8730,96
8731,96
8732,96
8733,96
8734,96
8735,96
8736,96
8737,96
8738,96
8739,96
8740,96
8741,96
8742,96
8743,96
8744,96
8745,96
8746,96
8747,96
8748,96
8749,96
8750,96
8751,96
8752,96
8753,96
8754,96
8755,96
8756,96
8757,96
8758,96
8759,96
8760,96
8761,96
8762,96
8763,96
8764,96
8765,96
8766,96
8767,97
8768,97
8769,97
8770,97
8771,97
8772,97
8773,97
8774,97
8775,97
8776,97
8777,97
8778,97
8779,97
8780,97
8781,97
8782,97
8783,97
8784,97
8785,97
8786,97
8787,97
8788,97
8789,97
8790,97
8791,97
8792,97
8793,97
8794,97
8795,97
8796,97
8797,97
8798,97
8799,97
8800,97
8801,97
8802,97
8803,97
8804,97
8805,97
8806,97
8807,97
8808,97
8809,97
8810,97
8811,97
8812,97
8813,97
8814,97
8815,97
8816,97
8817,97
8818,97
8819,97
8820,97
8821,97
8822,97
8823,97
8824,97
8825,97
8826,97
8827,97
8828,97
8829,97
8830,97
8831,97
8832,97
8833,97
8834,97
8835,97
8836,97
8837,97
8838,97
8839,97
8840,97
8841,97
8842,97
8843,97
8844,97
8845,97
8846,97
8847,97
8848,97
8849,97
8850,97
8851,97
8852,97
8853,97
8854,97
8855,97
8856,97
8857,98
8858,98
8859,98
8860,98
8861,98
8862,98
8863,98
8864,98
8865,98
8866,98
8867,98
8868,98
8869,98
8870,98
8871,98
8872,98
8873,98
8874,98
8875,98
8876,98
8877,98
8878,98
8879,98
8880,98
8881,98
8882,98
8883,98
8884,98
8885,98
8886,98
8887,98
8888,98
8889,98
8890,98
8891,98
8892,98
8893,98
8894,98
8895,98
8896,98
8897,98
8898,98
8899,98
8900,98
8901,98
8902,98
8903,98
8904,98
8905,98
8906,98
8907,98
8908,98
8909,98
8910,98
8911,98
8912,98
8913,98
8914,98
8915,98
8916,98
8917,98
8918,98
8919,98
8920,98
8921,98
8922,98
8923,98
8924,98
8925,98
8926,98
8927,98
8928,98
8929,98
8930,98
8931,98
8932,98
8933,98
8934,98
8935,98
8936,98
8937,98
8938,98
8939,98
8940,98
8941,98
8942,98
8943,98
8944,98
8945,98
8946,98
8947,98
8948,99
8949,99
8950,99
8951,99
8952,99
8953,99
8954,99
8955,99
8956,99
8957,99
8958,99
8959,99
8960,99
8961,99
8962,99
8963,99
8964,99
8965,99
8966,99
8967,99
8968,99
8969,99
8970,99
8971,99
8972,99
8973,99
8974,99
8975,99
8976,99
8977,99
8978,99
8979,99
8980,99
8981,99
8982,99
8983,99
8984,99
8985,99
8986,99
8987,99
8988,99
8989,99
8990,99
8991,99
8992,99
8993,99
8994,99
8995,99
8996,99
8997,99
8998,99
8999,99
9000,99
9001,99
9002,99
9003,99
9004,99
9005,99
9006,99
9007,99
9008,99
9009,99
9010,99
9011,99
9012,99
9013,99
9014,99
9015,99
9016,99
9017,99
9018,99
9019,99
9020,99
9021,99
9022,99
9023,99
9024,99
9025,99
9026,99
9027,99
9028,99
9029,99
9030,99
9031,99
9032,99
9033,99
9034,99
9035,99
9036,99
9037,99
9038,99
9039,99
9040,100
9041,100
9042,100
9043,100
9044,100
9045,100
9046,100
9047,100
9048,100
9049,100
9050,100
9051,100
9052,100
9053,100
9054,100
9055,100
9056,100
9057,100
9058,100
9059,100
9060,100
9061,100
9062,100
9063,100
9064,100
9065,100
9066,100
9067,100
9068,100
9069,100
9070,100
9071,100
9072,100
9073,100
9074,100
9075,100
9076,100
9077,100
9078,100
9079,100
9080,100
9081,100
9082,100
9083,100
9084,100
9085,100
9086,100
9087,100
9088,100
9089,100
9090,100
9091,100
9092,100
9093,100
9094,100
9095,100
9096,100
9097,100
9098,100
9099,100
9100,100
9101,100
9102,100
9103,100
9104,100
9105,100
9106,100
9107,100
9108,100
9109,100
9110,100
9111,100
9112,100
9113,100
9114,100
9115,100
9116,100
9117,100
9118,100
9119,100
9120,100
9121,100
9122,100
9123,100
9124,100
9125,100
9126,100
9127,100
9128,100
9129,100
9130,100
9131,100
9132,101
9133,101
9134,101
9135,101
9136,101
9137,101
9138,101
9139,101
9140,101
9141,101
9142,101
9143,101
9144,101
9145,101
9146,101
9147,101
9148,101
9149,101
9150,101
9151,101
9152,101
9153,101
9154,101
9155,101
9156,101
9157,101
9158,101
9159,101
9160,101
9161,101
9162,101
9163,101
9164,101
9165,101
9166,101
9167,101
9168,101
9169,101
9170,101
9171,101
9172,101
9173,101
9174,101
9175,101
9176,101
9177,101
9178,101
9179,101
9180,101
9181,101
9182,101
9183,101
9184,101
9185,101
9186,101
9187,101
9188,101
9189,101
9190,101
9191,101
9192,101
9193,101
9194,101
9195,101
9196,101
9197,101
9198,101
9199,101
9200,101
9201,101
9202,101
9203,101
9204,101
9205,101
9206,101
9207,101
9208,101
9209,101
9210,101
9211,101
9212,101
9213,101
9214,101
9215,101
9216,101
9217,101
9218,101
9219,101
9220,101
9221,101
9222,102
9223,102
9224,102
9225,102
9226,102
9227,102
9228,102
9229,102
9230,102
9231,102
9232,102
9233,102
9234,102
9235,102
9236,102
9237,102
9238,102
9239,102
9240,102
9241,102
9242,102
9243,102
9244,102
9245,102
9246,102
9247,102
9248,102
9249,102
9250,102
9251,102
9252,102
9253,102
9254,102
9255,102
9256,102
9257,102
9258,102
9259,102
9260,102
9261,102
9262,102
9263,102
9264,102
9265,102
9266,102
9267,102
9268,102
9269,102
9270,102
9271,102
9272,102
9273,102
9274,102
9275,102
9276,102
9277,102
9278,102
9279,102
9280,102
9281,102
9282,102
9283,102
9284,102
9285,102
9286,102
9287,102
9288,102
9289,102
9290,102
9291,102
9292,102
9293,102
9294,102
9295,102
9296,102
9297,102
9298,102
9299,102
9300,102
9301,102
9302,102
9303,102
9304,102
9305,102
9306,102
9307,102
9308,102
9309,102
9310,102
9311,102
9312,102
9313,103
9314,103
9315,103
9316,103
9317,103
9318,103
9319,103
9320,103
9321,103
9322,103
9323,103
9324,103
9325,103
9326,103
9327,103
9328,103
9329,103
9330,103
9331,103
9332,103
9333,103
9334,103
9335,103
9336,103
9337,103
9338,103
9339,103
9340,103
9341,103
9342,103
9343,103
9344,103
9345,103
9346,103
9347,103
9348,103
9349,103
9350,103
9351,103
9352,103
9353,103
9354,103
9355,103
9356,103
9357,103
9358,103
9359,103
9360,103
9361,103
9362,103
9363,103
9364,103
9365,103
9366,103
9367,103
9368,103
9369,103
9370,103
9371,103
9372,103
9373,103
9374,103
9375,103
9376,103
9377,103
9378,103
9379,103
9380,103
9381,103
9382,103
9383,103
9384,103
9385,103
9386,103
9387,103
9388,103
9389,103
9390,103
9391,103
9392,103
9393,103
9394,103
9395,103
9396,103
9397,103
9398,103
9399,103
9400,103
9401,103
9402,103
9403,103
9404,103
9405,104
9406,104
9407,104
9408,104
9409,104
9410,104
9411,104
9412,104
9413,104
9414,104
9415,104
9416,104
9417,104
9418,104
9419,104
9420,104
9421,104
9422,104
9423,104
9424,104
9425,104
9426,104
9427,104
9428,104
9429,104
9430,104
9431,104
9432,104
9433,104
9434,104
9435,104
9436,104
9437,104
9438,104
9439,104
9440,104
9441,104
9442,104
9443,104
9444,104
9445,104
9446,104
9447,104
9448,104
9449,104
9450,104
9451,104
9452,104
9453,104
9454,104
9455,104
9456,104
9457,104
9458,104
9459,104
9460,104
9461,104
9462,104
9463,104
9464,104
9465,104
9466,104
9467,104
9468,104
9469,104
9470,104
9471,104
9472,104
9473,104
9474,104
9475,104
9476,104
9477,104
9478,104
9479,104
9480,104
9481,104
9482,104
9483,104
9484,104
9485,104
9486,104
9487,104
9488,104
9489,104
9490,104
9491,104
9492,104
9493,104
9494,104
9495,104
9496,104
9497,105
9498,105
9499,105
9500,105
9501,105
9502,105
9503,105
9504,105
9505,105
9506,105
9507,105
9508,105
9509,105
9510,105
9511,105
9512,105
9513,105
9514,105
9515,105
9516,105
9517,105
9518,105
9519,105
9520,105
9521,105
9522,105
9523,105
9524,105
9525,105
9526,105
9527,105
9528,105
9529,105
9530,105
9531,105
9532,105
9533,105
9534,105
9535,105
9536,105
9537,105
9538,105
9539,105
9540,105
9541,105
9542,105
9543,105
9544,105
9545,105
9546,105
9547,105
9548,105
9549,105
9550,105
9551,105
9552,105
9553,105
9554,105
9555,105
9556,105
9557,105
9558,105
9559,105
9560,105
9561,105
9562,105
9563,105
9564,105
9565,105
9566,105
9567,105
9568,105
9569,105
9570,105
9571,105
9572,105
9573,105
9574,105
9575,105
9576,105
9577,105
9578,105
9579,105
9580,105
9581,105
9582,105
9583,105
9584,105
9585,105
9586,105
9587,106
9588,106
9589,106
9590,106
9591,106
9592,106
9593,106
9594,106
9595,106
9596,106
9597,106
9598,106
9599,106
9600,106
9601,106
9602,106
9603,106
9604,106
9605,106
9606,106
9607,106
9608,106
9609,106
9610,106
9611,106
9612,106
9613,106
9614,106
9615,106
9616,106
9617,106
9618,106
9619,106
9620,106
9621,106
9622,106
9623,106
9624,106
9625,106
9626,106
9627,106
9628,106
9629,106
9630,106
9631,106
9632,106
9633,106
9634,106
9635,106
9636,106
9637,106
9638,106
9639,106
9640,106
9641,106
9642,106
9643,106
9644,106
9645,106
9646,106
9647,106
9648,106
9649,106
9650,106
9651,106
9652,106
9653,106
9654,106
9655,106
9656,106
9657,106
9658,106
9659,106
9660,106
9661,106
9662,106
9663,106
9664,106
9665,106
9666,106
9667,106
9668,106
9669,106
9670,106
9671,106
9672,106
9673,106
9674,106
9675,106
9676,106
9677,106
9678,107
9679,107
9680,107
9681,107
9682,107
9683,107
9684,107
9685,107
9686,107
9687,107
9688,107
9689,107
9690,107
9691,107
9692,107
9693,107
9694,107
9695,107
9696,107
9697,107
9698,107
9699,107
9700,107
9701,107
9702,107
9703,107
9704,107
9705,107
9706,107
9707,107
9708,107
9709,107
9710,107
9711,107
9712,107
9713,107
9714,107
9715,107
9716,107
9717,107
9718,107
9719,107
9720,107
9721,107
9722,107
9723,107
9724,107
9725,107
9726,107
9727,107
9728,107
9729,107
9730,107
9731,107
9732,107
9733,107
9734,107
9735,107
9736,107
9737,107
9738,107
9739,107
9740,107
9741,107
9742,107
9743,107
9744,107
9745,107
9746,107
9747,107
9748,107
9749,107
9750,107
9751,107
9752,107
9753,107
9754,107
9755,107
9756,107
9757,107
9758,107
9759,107
9760,107
9761,107
9762,107
9763,107
9764,107
9765,107
9766,107
9767,107
9768,107
9769,107
9770,108
9771,108
9772,108
9773,108
9774,108
9775,108
9776,108
9777,108
9778,108
9779,108
9780,108
9781,108
9782,108
9783,108
9784,108
9785,108
9786,108
9787,108
9788,108
9789,108
9790,108
9791,108
9792,108
9793,108
9794,108
9795,108
9796,108
9797,108
9798,108
9799,108
9800,108
9801,108
9802,108
9803,108
9804,108
9805,108
9806,108
9807,108
9808,108
9809,108
9810,108
9811,108
9812,108
9813,108
9814,108
9815,108
9816,108
9817,108
9818,108
9819,108
9820,108
9821,108
9822,108
9823,108
9824,108
9825,108
9826,108
9827,108
9828,108
9829,108
9830,108
9831,108
9832,108
9833,108
9834,108
9835,108
9836,108
9837,108
9838,108
9839,108
9840,108
9841,108
9842,108
9843,108
9844,108
9845,108
9846,108
9847,108
9848,108
9849,108
9850,108
9851,108
9852,108
9853,108
9854,108
9855,108
9856,108
9857,108
9858,108
9859,108
9860,108
9861,108
9862,109
9863,109
9864,109
9865,109
9866,109
9867,109
9868,109
9869,109
9870,109
9871,109
9872,109
9873,109
9874,109
9875,109
9876,109
9877,109
9878,109
9879,109
9880,109
9881,109
9882,109
9883,109
9884,109
9885,109
9886,109
9887,109
9888,109
9889,109
9890,109
9891,109
9892,109
9893,109
9894,109
9895,109
9896,109
9897,109
9898,109
9899,109
9900,109
9901,109
9902,109
9903,109
9904,109
9905,109
9906,109
9907,109
9908,109
9909,109
9910,109
9911,109
9912,109
9913,109
9914,109
9915,109
9916,109
9917,109
9918,109
9919,109
9920,109
9921,109
9922,109
9923,109
9924,109
9925,109
9926,109
9927,109
9928,109
9929,109
9930,109
9931,109
9932,109
9933,109
9934,109
9935,109
9936,109
9937,109
9938,109
9939,109
9940,109
9941,109
9942,109
9943,109
9944,109
9945,109
9946,109
9947,109
9948,109
9949,109
9950,109
9951,109
9952,109
9953,110
9954,110
9955,110
9956,110
9957,110
9958,110
9959,110
9960,110
9961,110
9962,110
9963,110
9964,110
9965,110
9966,110
9967,110
9968,110
9969,110
9970,110
9971,110
9972,110
9973,110
9974,110
9975,110
9976,110
9977,110
9978,110
9979,110
9980,110
9981,110
9982,110
9983,110
9984,110
9985,110
9986,110
9987,110
9988,110
9989,110
9990,110
9991,110
9992,110
9993,110
9994,110
9995,110
9996,110
9997,110
9998,110
9999,110
10000,110
10001,110
10002,110
10003,110
10004,110
10005,110
10006,110
10007,110
10008,110
10009,110
10010,110
10011,110
10012,110
10013,110
10014,110
10015,110
10016,110
10017,110
10018,110
10019,110
10020,110
10021,110
10022,110
10023,110
10024,110
10025,110
10026,110
10027,110
10028,110
10029,110
10030,110
10031,110
10032,110
10033,110
10034,110
10035,110
10036,110
10037,110
10038,110
10039,110
10040,110
10041,110
10042,110
10043,110
10044,111
10045,111
10046,111
10047,111
10048,111
10049,111
10050,111
10051,111
10052,111
10053,111
10054,111
10055,111
10056,111
10057,111
10058,111
10059,111
10060,111
10061,111
10062,111
10063,111
10064,111
10065,111
10066,111
10067,111
10068,111
10069,111
10070,111
10071,111
10072,111
10073,111
10074,111
10075,111
10076,111
10077,111
10078,111
10079,111
10080,111
10081,111
10082,111
10083,111
10084,111
10085,111
10086,111
10087,111
10088,111
10089,111
10090,111
10091,111
10092,111
10093,111
10094,111
10095,111
10096,111
10097,111
10098,111
10099,111
10100,111
10101,111
10102,111
10103,111
10104,111
10105,111
10106,111
10107,111
10108,111
10109,111
10110,111
10111,111
10112,111
10113,111
10114,111
10115,111
10116,111
10117,111
10118,111
10119,111
10120,111
10121,111
10122,111
10123,111
10124,111
10125,111
10126,111
10127,111
10128,111
10129,111
10130,111
10131,111
10132,111
10133,111
10134,111
10135,111
10136,112
10137,112
10138,112
10139,112
10140,112
10141,112
10142,112
10143,112
10144,112
10145,112
10146,112
10147,112
10148,112
10149,112
10150,112
10151,112
10152,112
10153,112
10154,112
10155,112
10156,112
10157,112
10158,112
10159,112
10160,112
10161,112
10162,112
10163,112
10164,112
10165,112
10166,112
10167,112
10168,112
10169,112
10170,112
10171,112
10172,112
10173,112
10174,112
10175,112
10176,112
10177,112
10178,112
10179,112
10180,112
10181,112
10182,112
10183,112
10184,112
10185,112
10186,112
10187,112
10188,112
10189,112
10190,112
10191,112
10192,112
10193,112
10194,112
10195,112
10196,112
10197,112
10198,112
10199,112
10200,112
10201,112
10202,112
10203,112
10204,112
10205,112
10206,112
10207,112
10208,112
10209,112
10210,112
10211,112
10212,112
10213,112
10214,112
10215,112
10216,112
10217,112
10218,112
10219,112
10220,112
10221,112
10222,112
10223,112
10224,112
10225,112
10226,112
10227,112
10228,113
10229,113
10230,113
10231,113
10232,113
10233,113
10234,113
10235,113
10236,113
10237,113
10238,113
10239,113
10240,113
10241,113
10242,113
10243,113
10244,113
10245,113
10246,113
10247,113
10248,113
10249,113
10250,113
10251,113
10252,113
10253,113
10254,113
10255,113
10256,113
10257,113
10258,113
10259,113
10260,113
10261,113
10262,113
10263,113
10264,113
10265,113
10266,113
10267,113
10268,113
10269,113
10270,113
10271,113
10272,113
10273,113
10274,113
10275,113
10276,113
10277,113
10278,113
10279,113
10280,113
10281,113
10282,113
10283,113
10284,113
10285,113
10286,113
10287,113
10288,113
10289,113
10290,113
10291,113
10292,113
10293,113
10294,113
10295,113
10296,113
10297,113
10298,113
10299,113
10300,113
10301,113
10302,113
10303,113
10304,113
10305,113
10306,113
10307,113
10308,113
10309,113
10310,113
10311,113
10312,113
10313,113
10314,113
10315,113
10316,113
10317,113
10318,114
10319,114
10320,114
10321,114
10322,114
10323,114
10324,114
10325,114
10326,114
10327,114
10328,114
10329,114
10330,114
10331,114
10332,114
10333,114
10334,114
10335,114
10336,114
10337,114
10338,114
10339,114
10340,114
10341,114
10342,114
10343,114
10344,114
10345,114
10346,114
10347,114
10348,114
10349,114
10350,114
10351,114
10352,114
10353,114
10354,114
10355,114
10356,114
10357,114
10358,114
10359,114
10360,114
10361,114
10362,114
10363,114
10364,114
10365,114
10366,114
10367,114
10368,114
10369,114
10370,114
10371,114
10372,114
10373,114
10374,114
10375,114
10376,114
10377,114
10378,114
10379,114
10380,114
10381,114
10382,114
10383,114
10384,114
10385,114
10386,114
10387,114
10388,114
10389,114
10390,114
10391,114
10392,114
10393,114
10394,114
10395,114
10396,114
10397,114
10398,114
10399,114
10400,114
10401,114
10402,114
10403,114
10404,114
10405,114
10406,114
10407,114
10408,114
10409,115
10410,115
10411,115
10412,115
10413,115
10414,115
10415,115
10416,115
10417,115
10418,115
10419,115
10420,115
10421,115
10422,115
10423,115
10424,115
10425,115
10426,115
10427,115
10428,115
10429,115
10430,115
10431,115
10432,115
10433,115
10434,115
10435,115
10436,115
10437,115
10438,115
10439,115
10440,115
10441,115
10442,115
10443,115
10444,115
10445,115
10446,115
10447,115
10448,115
10449,115
10450,115
10451,115
10452,115
10453,115
10454,115
10455,115
10456,115
10457,115
10458,115
10459,115
10460,115
10461,115
10462,115
10463,115
10464,115
10465,115
10466,115
10467,115
10468,115
10469,115
10470,115
10471,115
10472,115
10473,115
10474,115
10475,115
10476,115
10477,115
10478,115
10479,115
10480,115
10481,115
10482,115
10483,115
10484,115
10485,115
10486,115
10487,115
10488,115
10489,115
10490,115
10491,115
10492,115
10493,115
10494,115
10495,115
10496,115
10497,115
10498,115
10499,115
10500,115
10501,116
10502,116
10503,116
10504,116
10505,116
10506,116
10507,116
10508,116
10509,116
10510,116
10511,116
10512,116
10513,116
10514,116
10515,116
10516,116
10517,116
10518,116
10519,116
10520,116
10521,116
10522,116
10523,116
10524,116
10525,116
10526,116
10527,116
10528,116
10529,116
10530,116
10531,116
10532,116
10533,116
10534,116
10535,116
10536,116
10537,116
10538,116
10539,116
10540,116
10541,116
10542,116
10543,116
10544,116
10545,116
10546,116
10547,116
10548,116
10549,116
10550,116
10551,116
10552,116
10553,116
10554,116
10555,116
10556,116
10557,116
10558,116
10559,116
10560,116
10561,116
10562,116
10563,116
10564,116
10565,116
10566,116
10567,116
10568,116
10569,116
10570,116
10571,116
10572,116
10573,116
10574,116
10575,116
10576,116
10577,116
10578,116
10579,116
10580,116
10581,116
10582,116
10583,116
10584,116
10585,116
10586,116
10587,116
10588,116
10589,116
10590,116
10591,116
10592,116
10593,117
10594,117
10595,117
10596,117
10597,117
10598,117
10599,117
10600,117
10601,117
10602,117
10603,117
10604,117
10605,117
10606,117
10607,117
10608,117
10609,117
10610,117
10611,117
10612,117
10613,117
10614,117
10615,117
10616,117
10617,117
10618,117
10619,117
10620,117
10621,117
10622,117
10623,117
10624,117
10625,117
10626,117
10627,117
10628,117
10629,117
10630,117
10631,117
10632,117
10633,117
10634,117
10635,117
10636,117
10637,117
10638,117
10639,117
10640,117
10641,117
10642,117
10643,117
10644,117
10645,117
10646,117
10647,117
10648,117
10649,117
10650,117
10651,117
10652,117
10653,117
10654,117
10655,117
10656,117
10657,117
10658,117
10659,117
10660,117
10661,117
10662,117
10663,117
10664,117
10665,117
10666,117
10667,117
10668,117
10669,117
10670,117
10671,117
10672,117
10673,117
10674,117
10675,117
10676,117
10677,117
10678,117
10679,117
10680,117
10681,117
10682,117
10683,118
10684,118
10685,118
10686,118
10687,118
10688,118
10689,118
10690,118
10691,118
10692,118
10693,118
10694,118
10695,118
10696,118
10697,118
10698,118
10699,118
10700,118
10701,118
10702,118
10703,118
10704,118
10705,118
10706,118
10707,118
10708,118
10709,118
10710,118
10711,118
10712,118
10713,118
10714,118
10715,118
10716,118
10717,118
10718,118
10719,118
10720,118
10721,118
10722,118
10723,118
10724,118
10725,118
10726,118
10727,118
10728,118
10729,118
10730,118
10731,118
10732,118
10733,118
10734,118
10735,118
10736,118
10737,118
10738,118
10739,118
10740,118
10741,118
10742,118
10743,118
10744,118
10745,118
10746,118
10747,118
10748,118
10749,118
10750,118
10751,118
10752,118
10753,118
10754,118
10755,118
10756,118
10757,118
10758,118
10759,118
10760,118
10761,118
10762,118
10763,118
10764,118
10765,118
10766,118
10767,118
10768,118
10769,118
10770,118
10771,118
10772,118
10773,118
10774,119
10775,119
10776,119
10777,119
10778,119
10779,119
10780,119
10781,119
10782,119
10783,119
10784,119
10785,119
10786,119
10787,119
10788,119
10789,119
10790,119
10791,119
10792,119
10793,119
10794,119
10795,119
10796,119
10797,119
10798,119
10799,119
10800,119
10801,119
10802,119
10803,119
10804,119
10805,119
10806,119
10807,119
10808,119
10809,119
10810,119
10811,119
10812,119
10813,119
10814,119
10815,119
10816,119
10817,119
10818,119
10819,119
10820,119
10821,119
10822,119
10823,119
10824,119
10825,119
10826,119
10827,119
10828,119
10829,119
10830,119
10831,119
10832,119
10833,119
10834,119
10835,119
10836,119
10837,119
10838,119
10839,119
10840,119
10841,119
10842,119
10843,119
10844,119
10845,119
10846,119
10847,119
10848,119
10849,119
10850,119
10851,119
10852,119
10853,119
10854,119
10855,119
10856,119
10857,119
10858,119
10859,119
10860,119
10861,119
10862,119
10863,119
10864,119
10865,119
10866,120
10867,120
10868,120
10869,120
10870,120
10871,120
10872,120
10873,120
10874,120
10875,120
10876,120
10877,120
10878,120
10879,120
10880,120
10881,120
10882,120
10883,120
10884,120
10885,120
10886,120
10887,120
10888,120
10889,120
10890,120
10891,120
10892,120
10893,120
10894,120
10895,120
10896,120
10897,120
10898,120
10899,120
10900,120
10901,120
10902,120
10903,120
10904,120
10905,120
10906,120
10907,120
10908,120
10909,120
10910,120
10911,120
10912,120
10913,120
10914,120
10915,120
10916,120
10917,120
10918,120
10919,120
10920,120
10921,120
10922,120
10923,120
10924,120
10925,120
10926,120
10927,120
10928,120
10929,120
10930,120
10931,120
10932,120
10933,120
10934,120
10935,120
10936,120
10937,120
10938,120
10939,120
10940,120
10941,120
10942,120
10943,120
10944,120
10945,120
10946,120
10947,120
10948,120
10949,120
10950,120
10951,120
10952,120
10953,120
10954,120
10955,120
10956,120
10957,120